WFCM17C38,,307771013,3,20180316,55000000,55000000,20180301,,0.036694,20270601,0.000102,,,,,0.000005,0.036587,,,,,156968.78,0,156968.78,,0,,,,,,0,,0,55000000,0,0,0,0,N,,,,,,,,,,,177070159,65822088,111248071,44767016,2.485,1,20171231,,,,,,,,,,,,,,,,20170401,2210000000,,,,,,,,,20170713,20170713,1,,,,CREFC,,105505031,2.3567,,,,,N,,,,,0,,,0,0,0,,N,,55000000,S1,,,,,,,,,,,0,,,,0,,,,,WF,K,20180213,20180312,N,,,,,,,0,245PAT17245P
WFCM17C38,,308080004,4,20180316,50000000,50000000,20180301,,0.04486,20270601,0.0001145,,,,,0.000005,0.0447405,,,,,174455.56,0,174455.56,,0,,,,,,0,,0,50000000,0,0,0,0,N,,,,,,,,,,,,,,,,,,,,,,,,,,,,,,,,,20170423,956000000,,,,,,,,,20170713,20170713,65,,,,CREFC,,,,,,,,X,,,,,0,,,0,0,0,,N,,50000000,N,,,,,,,,,,,0,,,,0,,,,,WF,K,20180213,20180312,N,,,,,,,0,DBJPM17C6
WFCM17C38,,883100728,5,20180316,48200000,48200000,20180306,,0.044,20270606,0.0001645,,,,,0.000005,0.0438305,,,,,164951.11,0,164951.11,,0,,,,,,0,,0,48200000,0,0,0,0,N,,,,,,,,,,,,,,,,,,,,,,,,,,,,,,,,,20170324,206000000,,,,,,,,,20170713,20170713,3,,,,CREFC,,,,,,,,N,,,,,0,,,0,0,0,,N,,48200000,S2,,,,,,,,,,,0,,,,0,,,,,WF,K,20180213,20180312,N,,,,,,,0,GSMS17GS7
WFCM17C38,,310941513,1,20180316,45100000,45100000,20180309,,0.0343,20270609,0.000102,,,,,0.000005,0.034193,,,,,120316.78,0,120316.78,,0,,,,,,0,,0,45100000,0,0,0,0,N,,,,,,,,,,,299181274,115838168,183343106,79985694,2.2921,0.91,20171231,,,,,,,,,,,,,,,,20170508,4800000000,,,,,,,YN,,20170713,20170713,1,,,,CREFC,,177581491,2.2201,,,,,N,,,,,0,,,0,0,0,,N,,45100000,S1,,,,,,,,,,,0,,,,0,,,,,WF,K,20180213,20180312,N,,,,,,,0,BXP17GM
WFCM17C38,,310940589,7,20180316,45000000,45000000,20180301,,0.04085,20270601,0.0001145,,,,,0.000005,0.0407305,,,,,142975,0,142975,,0,,,,,,0,,0,45000000,0,0,0,0,N,,,,,,,,,,,,,,,,,,,,,,,,,22357813,8588391,13769422,7248038,1.8997,0.94,20161001,20170930,20170411,326190000,,,,,,,TN,,20170713,20170713,1,,,,CREFC,,,,,,12570422,1.7343,N,,,,,0,0.02,,0,0,0,,N,,45000000,S1,,,,,,,,,,,0,,,,0,,,,,WF,K,20180213,20180312,N,,,,,,,0,WFCM17C38
WFCM17C38,,883100736,6,20180316,45000000,45000000,20180306,,0.036514,20270606,0.0001145,,,,,0.000005,0.0363945,,,,,127799,0,127799,,0,,,,,,0,,0,45000000,0,0,0,0,N,,,,,,,,,,,,,,,,,,,,,,,,,,,,,,,,,20170401,750000000,,,,,,,,,20170713,20170713,1,,,,CREFC,,,,,,,,N,,,,,0,,,0,0,0,,N,,45000000,S1,,,,,,,,,,,0,,,,0,,,,,WF,K,20180213,20180312,N,,,,,,,0,WFCM17C38
WFCM17C38,,308080008,8,20180316,40600000,40600000,20180306,,0.03795,20280406,0.0001145,,,,,0.000005,0.0378305,,,,,119837.67,0,119837.67,,0,,,,,,0,,0,40600000,0,0,0,0,N,,,,,,,,,,,,,,,,,,,,,,,,,,,,,,,,,,346160000,,,,,,20270406,,,20170713,20170713,12,,,,CREFC,,,,,,,,N,,,,,0,,,0,0,0,,N,,40600000,N,,,,,,,,,,,0,,,,0,,,,,WF,K,20180213,20180312,N,,,,,,,0,MSC17H1
WFCM17C38,,310941510,1A,20180316,37500000,37500000,20180309,,0.0343,20270609,0.000102,,,,,0.000005,0.034193,,,,,100041.67,0,100041.67,,0,,,,,,0,,0,37500000,0,0,0,0,N,,,,,,,,,,,,,,,,,,,,,,,,,,,,,,,,,,,,,,,,,,,20170713,20170713,,,,,CREFC,,,,,,,,N,,,,,0,,,0,0,0,,N,,37500000,S1,,,,,,,,,,,0,,,,0,,,,,WF,K,20180213,20180312,N,,,,,,,0,WFCM17C38
WFCM17C38,,883100727,9,20180316,34000000,34000000,20180306,,0.043,20270606,0.0003404,,,,,0.000005,0.0426546,,,,20220706,113711.11,0,113711.11,,0,,,,,,0,,0,34000000,0,0,0,0,N,,,,,,,,,,,,,,,,,,,,,,,,,,,,,,,,,20170217,49100000,,,,,,,,,20170713,20170713,1,,,,CREFC,,,,,,,,N,,,,,0,400445.65,,0,0,0,,N,,34000000,S1,,,,,,,,,,,0,,,,0,,,,,WF,K,20180213,20180312,N,,,,,,,0,WFCM17C38
WFCM17C38,,610940535,10,20180316,33360000,33360000,20180305,,0.0457,20260705,0.0002704,,,,,0.000005,0.0454246,,,,,118576.27,0,118576.27,,0,,,,,,0,,0,33360000,0,0,0,0,N,,,,,,,,,,,,,,,,,,,,,,,,,4904762,899173,4005589,2195794,1.8242,1,20170101,20170930,20160831,88000000,,,,,,,YN,,20170713,20170713,1,,,,CREFC,,,,,,3929383,1.7895,N,,,,,0,101608,,0,0,0,,N,,33360000,H,,,,,,,,,,,0,,,,0,,,,,WF,K,20180213,20180312,N,,,,,,,0,WFCM17C38
WFCM17C38,,883100724,11,20180316,32722000,32722000,20180306,,0.039779,20270606,0.0001404,,,,,0.000005,0.0396336,,,,,101239.32,0,101239.32,,0,,,,,,0,,0,32722000,0,0,0,0,N,,,,,,,,,,,3379200,67587,3311613,1319727,2.5093,1,20171231,,,,,,,,,,,,,,,,,55240000,,,,,,,YN,,20170713,20170713,19,,,,CREFC,,3242201,2.4567,,,,,N,,,,,0,897320.17,,0,0,0,,N,,32722000,S1,,,,,,,,,,,0,,,,0,,,,,WF,K,20180213,20180312,N,,,,,,,0,WFCM17C38
WFCM17C38,,310941512,1B,20180316,32400000,32400000,20180309,,0.0343,20270609,0.000102,,,,,0.000005,0.034193,,,,,86436,0,86436,,0,,,,,,0,,0,32400000,0,0,0,0,N,,,,,,,,,,,,,,,,,,,,,,,,,,,,,,,,,,,,,,,,,,,20170713,20170713,,,,,CREFC,,,,,,,,N,,,,,0,,,0,0,0,,N,,32400000,S1,,,,,,,,,,,0,,,,0,,,,,WF,K,20180213,20180312,N,,,,,,,0,WFCM17C38
WFCM17C38,,310939607,12,20180316,30000000,30000000,20180301,,0.0494,20220601,0.0001145,,,,,0.000005,0.0492805,,,,20190701,115266.67,0,115266.67,,0,,,,,,0,,0,30000000,0,0,0,0,N,,,,,,,,,,,,,,,,,,,,,,,,,20158004,13435061,6722943,1123850,5.982,0.77,20170101,20170930,20170330,108000000,,,,,,,YN,,20170713,20170713,1,,,,CREFC,,,,,,5919824,5.2674,N,,,,,0,,,0,0,0,,N,,30000000,S1,,,,,,,,,,,0,,,,0,,,,,WF,K,20180213,20180312,N,,,,,,,0,WFCM17C38
WFCM17C38,,310940325,13,20180316,28000000,28000000,20180311,,0.0414,20270511,0.0001145,,,,,0.000005,0.0412805,,,,,90160,0,90160,,0,,,,,,0,,0,28000000,0,0,0,0,N,,,,,,,,,,,,,,,,,,,,,,,,,4537907,1124788,3413119,1210087,2.8205,1,20170101,20170930,20170424,83000000,,,,,,,YN,,20170713,20170713,1,,,,CREFC,,,,,,3389777,2.8012,N,,,,,0,2000000,,0,0,0,,N,,28000000,H,,,,,,,,,,,0,,,,0,,,,,WF,K,20180213,20180312,N,,,,,,,0,WFCM17C38
WFCM17C38,,883100701,14,20180316,27500000,27500000,20180306,,0.04666,20270306,0.0001145,,,,,0.000005,0.0465405,,,,,99800.56,0,99800.56,,0,,,,,,0,,0,27500000,0,0,0,0,N,,,,,,,,,,,,,,,,,,,,,,,,,16153962,7842657,8311305,4953737,1.6777,0.92,20170101,20170930,20170201,290000000,,,,,,,YN,,20170713,20170713,1,,,,CREFC,,,,,,7277100,1.469,N,,,,,0,,,0,0,0,,N,,27500000,S1,,,,,,,,,,,0,,,,0,,,,,WF,K,20180213,20180312,N,,,,,,,0,WFCM17RB1
WFCM17C38,,610939314,15,20180316,25246450.81,25205831.76,20180311,,0.0455,20270611,0.0003404,,,,,0.000005,0.0451546,,,,,89344.38,40619.05,129963.43,,0,,,,,,0,,0,25205831.76,0,0,0,0,N,,,,,,,,,,,3509999,1078010,2431989,1559561,1.5594,0.96,20171231,,,,,,,,,,,,,,,,20170406,42500000,,,,,,,YN,,20170713,20170713,1,,,,CREFC,,2365959,1.517,,,,,N,,,,,0,961698.8,,0,0,0,,N,,25500000,H,,,,,,,,,,,0,,,,0,,,,,WF,K,20180213,20180312,N,,,,,,,0,WFCM17C38
WFCM17C38,,310941126,2A,20180316,24547000,24547000,20180301,,0.036575,20270601,0.000102,,,,,0.000005,0.036468,,,,,69829.4,0,69829.4,,0,,,,,,0,,0,24547000,0,0,0,0,N,,,,,,,,,,,,,,,,,,,,,,,,,,,,,,,,,,,,,,,,,,,20170713,20170713,,,,,CREFC,,,,,,,,N,,,,,0,,,0,0,0,,N,,24547000,S1,,,,,,,,,,,0,,,,0,,,,,WF,K,20180213,20180312,N,,,,,,,0,WFCM17C38
WFCM17C38,,308080002,2,20180316,24547000,24547000,20180301,,0.036575,20270601,0.000102,,,,,0.000005,0.036468,,,,,69829.4,0,69829.4,,0,,,,,,0,,0,24547000,0,0,0,0,N,,,,,,,,,,,,,,,,,,,,,,,,,,,,,,,,,20170423,1155000000,,,,,,,,,20170713,20170713,1,,,,CREFC,,,,,,,,N,,,,,0,,,0,0,0,,N,,24547000,N,,,,,,,,,,,0,,,,0,,,,,WF,K,20180213,20180312,N,,,,,,,0,DAFC17AMO
WFCM17C38,,883100710,16,20180316,20000000,20000000,20180306,,0.03688,20270506,0.0001404,,,,,0.000005,0.0367346,,,,,57368.89,0,57368.89,,0,,,,,,0,,0,20000000,0,0,0,0,N,,,,,,,,,,,,,,,,,,,,,,,,,4039093,1459531,2579562,559347,4.6117,0.96,20170101,20170930,20170418,44300000,,,,,,,YN,,20170713,20170713,3,,,,CREFC,,,,,,2313668,4.1363,N,,,,,0,1.94,,0,0,0,,N,,20000000,S2,,,,,,,,,,,0,,,,0,,,,,WF,K,20180213,20180312,N,,,,,,,0,WFCM17C38
WFCM17C38,,300571702,17,20180316,19200000,19200000,20180306,,0.0527,20270506,0.0001404,,,,,0.000005,0.0525546,,,,,78698.67,0,78698.67,,0,,,,,,0,,0,19200000,0,0,0,0,N,,,,,,,,,,,,,,,,,,,,,,,,,1623373,537199,1086174,767312,1.4155,1,20170101,20170930,20170401,27150000,,,,,,,YN,,20170713,20170713,1,,,,CREFC,,,,,,1060197,1.3817,N,,,,,0,80127.58,,0,0,0,,N,,19200000,S1,,,,,,,,,,,0,,,,0,,,,,WF,K,20180213,20180312,N,,,,,,,0,WFCM17C38
WFCM17C38,,310937904,18,20180316,17650000,17650000,20180311,,0.0443,20270611,0.0001404,,,,,0.000005,0.0441546,,,,20220711,60814.06,0,60814.06,,0,,,,,,0,,0,17650000,0,0,0,0,N,,,,,,,,,,,,,,,,,,,,,,,,,,,,,,,,,20170401,25600000,,,,,,,,,20170713,20170713,1,,,,CREFC,,,,,,,,N,,,,,0,1284033.91,,0,0,0,,N,,17650000,S2,,,,,,,,,,,0,,,,0,,,,,WF,K,20180213,20180312,N,,,,,,,0,WFCM17C38
WFCM17C38,,307890001,19,20180316,16000000,16000000,20180306,,0.044153758,20270606,0.0001145,,,,,0.000005,0.044034258,,,,,54946.9,0,54946.9,,0,,,,,,0,,0,16000000,0,0,0,0,N,,,,,,,,,,,,,,,,,,,,,,,,,15509865,498520,15011345,4620691,3.2487,1,20170101,20170930,,361740000,,,,,,,YN,,20170713,20170713,33,,,,CREFC,,,,,,14034805,3.0373,X,,,,,0,,,0,0,0,,N,,16000000,S1,,,,,,,,,,,0,,,,0,,,,,WF,K,20180213,20180312,N,,,,,,,0,UBS17C1
WFCM17C38,,300571711,21,20180316,15900000,15900000,20180306,,0.0415,20270606,0.0001404,,,,,0.000005,0.0413546,,,,20220706,51321.67,0,51321.67,,0,,,,,,0,,0,15900000,0,0,0,0,N,,,,,,,,,,,,,,,,,,,,,,,,,2305127,748142,1556985,500386,3.1115,0.99,20170101,20170930,20170404,30000000,,,,,,,YN,,20170713,20170713,1,,,,CREFC,,,,,,1480557,2.9588,N,,,,,0,153267.24,,0,0,0,,N,,15900000,S2,,,,,,,,,,,0,,,,0,,,,,WF,K,20180213,20180312,N,,,,,,,0,WFCM17C38
WFCM17C38,,308080020,20,20180316,15840996.79,15816960.78,20180311,,0.051,20270511,0.0001404,,,,,0.000005,0.0508546,,,,,62835.95,24036.01,86871.96,,0,,,,,,0,,0,15816960.78,0,0,0,0,N,,,,,,,,,,,5008049,2453673,2554376,1042464,2.4503,0.85,20171231,,,,,,,,,,,,,,,,20170331,22000000,,,,,,,,,20170713,20170713,1,,,,CREFC,,2354054,2.2581,,,,,N,,,,,0,1833479.5,,0,0,0,,N,,16000000,S2,,,,,,,,,,,0,,,,0,,,,,WF,K,20180213,20180312,N,,,,,,,0,WFCM17C38
WFCM17C38,,610939812,22,20180316,15419581.65,15389278.46,20180311,,0.0535,20270611,0.0004154,,,,,0.000005,0.0530796,,,,,64162.59,30303.19,94465.78,,0,,,,,,0,,0,15389278.46,0,0,0,0,N,,,,,,,,,,,,,,,,,,,,,,,,,5329650,3377675,1951975,1133589,1.7219,0,20170101,20170930,20170315,22300000,,,,,,,TN,,20170713,20170713,2,,,,CREFC,,,,,,1751463,1.545,N,,,,,0,267348.96,,0,0,0,,N,,15610000,S1,,,,,,,,,,,0,,,,0,,,,,WF,K,20180213,20180312,N,,,,,,,0,WFCM17C38
WFCM17C38,,300571708,23,20180316,14381900.1,14361072.36,20180306,,0.0549,20270606,0.0001404,,,,,0.000005,0.0547546,,,,,61410.71,20827.74,82238.45,,0,,,,,,0,,0,14361072.36,0,0,0,0,N,,,,,,,,,,,4344699,2639462,1705237,986861,1.7279,0.7,20171231,,,,,,,,,,,,,,,,20180501,24200000,,,,,,,,,20170713,20170713,1,,,,CREFC,,1531449,1.5518,,,,,N,,,,,0,699986.56,,0,0,0,,N,,14500000,S2,,,,,,,,,,,0,,,,0,,,,,WF,K,20180213,20180312,N,,,,,,,0,WFCM17C38
WFCM17C38,,300571710,25,20180316,14250000,14250000,20180306,,0.0506,20270606,0.0001404,,,,,0.000005,0.0504546,,,,20200706,56081.67,0,56081.67,,0,,,,,,0,,0,14250000,0,0,0,0,N,,,,,,,,,,,2106627,811715,1294912,731066,1.7712,0.96,20171231,,,,,,,,,,,,,,,,20170223,25000000,,,,,,,,,20170713,20170713,1,,,,CREFC,,1168706,1.5986,,,,,N,,,,,0,229288.51,,0,0,0,,N,,14250000,S2,,,,,,,,,,,0,,,,0,,,,,WF,K,20180213,20180312,N,,,,,,,0,WFCM17C38
WFCM17C38,,308080024,24,20180316,14220982.46,14180347.48,20180311,,0.0492,20220611,0.0001404,,,,,0.000005,0.0490546,,,,,54418.96,40634.98,95053.94,,0,,,,,,0,,0,14180347.48,0,0,0,0,N,,,,,,,,,,,6315318,2733564,3581754,1140647,3.1401,0.99,20171231,,,,,,,,,,,,,,,,20170508,41100000,,,,,,,,,20170713,20170713,3,,,,CREFC,,3077029,2.6976,,,,,N,,,,,0,55813.27,,0,0,0,,N,,14500000,S1,,,,,,,,,,,0,,,,0,,,,,WF,K,20180213,20180312,N,,,,,,,0,WFCM17C38
WFCM17C38,,300571701,26,20180316,13833588.53,13810418.98,20180306,,0.0424,20270506,0.0001404,,,,,0.000005,0.0422546,,,,,45620.1,23169.55,68789.65,,0,,,,,,0,,0,13810418.99,0,0,0,0,N,,,,,,,,,,,5921588,3635755,2285833,825476,2.7691,0.84,20171231,,,,,,,,,,,,,,,,20170320,27600000,,,,,,,,,20170713,20170713,1,,,,CREFC,,2060961,2.4966,,,,,X,,,,,0,187393.5,,0,0,0,,N,,14000000,S2,,,,,,,,,,,0,,,,0,,,,,WF,K,20180213,20180312,N,,,,,,,0,WFCM17C38
WFCM17C38,,300571683,27,20180316,13784906.08,13759981.43,20180306,,0.0484,20270306,0.0001145,,,,,0.000005,0.0482805,,,,,51892.51,24924.65,76817.16,,0,,,,,,0,,0,13759981.43,0,0,0,0,N,,,,,,,,,,,,,,,,,,,,,,,,,6916442,2432193,4484249,2814799,1.593,0.98,20170101,20170930,20170424,91800000,,,,,,,YN,,20170713,20170713,1,,,,CREFC,,,,,,4111562,1.4606,X,,,,,0,,,0,0,0,,N,,14000000,S2,,,,,,,,,,,0,,,,0,,,,,WF,K,20180213,20180312,N,,,,,,,0,CFCRE17C8
WFCM17C38,,308080028,28,20180316,12553825.87,12533619.34,20180306,,0.045463,20270606,0.0001404,,,,,0.000005,0.0453176,,,,,44390.47,20206.53,64597,,0,,,,,,0,,0,12533619.34,0,2080.27,0,0,N,,,,,,,,,,,1690284,572955,1117329,775164,1.4414,0.97,20171231,,,,,,,,,,,,,,,,20170417,18300000,,,,,,,YN,,20170713,20170713,1,,,,CREFC,,1007286,1.2994,,,,,X,,,,,0,324441.36,,0,0,0,,N,,12680000,S1,,,,,,,,,,,0,,,,0,,,,,WF,K,20180213,20180312,N,,,,,,,0,WFCM17C38
WFCM17C38,,308080029,29,20180316,12291007.64,12273454.59,20180306,,0.05657,20270506,0.0001404,,,,,0.000005,0.0564246,,,,,54079.07,17553.05,71632.12,,0,,,,,,0,,0,12273454.59,0,24394.66,0,0,N,,,,,,,,,,,2081659,909033,1172626,859585,1.3641,0.83,20171231,,,,,,,,,,,,,,,,20170404,21800000,,,,,,,,,20170713,20170713,1,,,,CREFC,,1127392,1.3115,,,,,N,,,,,0,767566.45,,0,0,0,,N,,12400000,S2,,,,,,,,,,,0,,,,0,,,,,WF,K,20180213,20180312,N,,,,,,,0,WFCM17C38
WFCM17C38,,307890023,30,20180316,11897543.91,11879904.7,20180306,,0.05274,20270606,0.0001145,,,,,0.000005,0.0526205,,,,,48803.73,17639.21,66442.94,,0,,,,,,0,,0,11879904.7,0,0,0,0,N,,,,,,,,,,,7749901,3629280,4120621,1993288,2.0672,0.95,20171231,,,,,,,,,,,,,,,,20170220,62200000,,,,,,,YN,,20170713,20170713,1,,,,CREFC,,3975458,1.9944,,,,,N,,,,,0,,,0,0,0,,N,,12000000,S1,,,,,,,,,,,0,,,,0,,,,,WF,K,20180213,20180312,N,,,,,,,0,UBS17C1
WFCM17C38,,308080031,31,20180316,11001617.43,10984989.76,20180306,,0.051,20270606,0.0001404,,,,,0.000005,0.0508546,,,,,43639.75,16627.67,60267.42,,0,,,,,,0,,0,10984989.76,0,0,0,0,N,,,,,,,,,,,3418333,1916903,1501430,723209,2.076,0.95,20171231,,,,,,,,,,,,,,,,20170309,16900000,,,,,,,,,20170713,20170713,1,,,,CREFC,,1240471,1.7152,,,,,N,,,,,0,292588.05,,0,0,0,,N,,11100000,S1,,,,,,,,,,,0,,,,0,,,,,WF,K,20180213,20180312,N,,,,,,,0,WFCM17C38
WFCM17C38,,308080032,32,20180316,10884701.55,10867714.96,20180311,,0.0485,20270511,0.0001404,,,,,0.000005,0.0483546,,,,,41059.51,16986.59,58046.1,,0,,,,,,0,,0,10867714.96,0,0,0,0,N,,,,,,,,,,,1380864,440405,940459,696553,1.3501,1,20171231,,,,,,,,,,,,,,,,20170331,16000000,,,,,,,YN,,20170713,20170713,1,,,,CREFC,,883352,1.2681,,,,,X,,,,,0,756662.9,,0,0,0,,N,,11000000,S1,,,,,,,,,,,0,,,,0,,,,,WF,K,20180213,20180312,N,,,,,,,0,WFCM17C38
WFCM17C38,,883100669,33,20180316,10700000,10700000,20180306,,0.05008,20270106,0.0001404,,,,,0.000005,0.0499346,,,,20200206,41677.69,0,41677.69,,0,,,,,,0,,0,10700000,0,0,0,0,N,,,,,,,,,,,1584203,602771,981432,541810,1.8113,0.95,20171231,,,,,,,,,,,,,,,,20161108,15950000,,,,,,,,,20170713,20170713,1,,,,CREFC,,928227,1.7131,,,,,N,,,,,0,53724.26,,0,0,0,,N,,10700000,S2,,,,,,,,,,,0,,,,0,,,,,WF,K,20180213,20180312,N,,,,,,,0,WFCM17C38
WFCM17C38,,310939546,34,20180316,9905575.5,9890089.78,20180311,,0.048,20240611,0.0001404,,,,,0.000005,0.0478546,,,,,36980.82,15485.72,52466.54,,0,,,,,,0,,0,9890089.78,0,0,0,0,N,,,,,,,,,,,,,,,,,,,,,,,,,2821938,1681362,1140576,472199,2.4154,0.85,20170101,20170930,20170315,17400000,,,,,,,YN,,20170713,20170713,1,,,,CREFC,,,,,,1026881,2.1746,X,,,,,0,114292.01,,0,0,0,,N,,10000000,S2,,,,,,,,,,,0,,,,0,,,,,WF,K,20180213,20180312,N,,,,,,,0,WFCM17C38
WFCM17C38,,308080035,35,20180316,9173215.75,9155150.93,20180306,,0.053775,20270506,0.0001404,,,,,0.000005,0.0536296,,,,,38366.97,18064.82,56431.79,,0,,,,,,0,,0,9155150.93,0,0,0,0,N,,,,,,,,,,,3890569,2171406,1719163,677181,2.5387,0.79,20171231,,,,,,,,,,,,,,,,20170307,13300000,,,,,,,YN,,20170713,20170713,1,,,,CREFC,,1563540,2.3088,,,,,N,,,,,0,171125,,0,0,0,,N,,9300000,S1,,,,,,,,,,,0,,,,0,,,,,WF,K,20180213,20180312,N,,,,,,,0,WFCM17C38
WFCM17C38,,308080036,36,20180316,8121631.16,8109550.8,20180311,,0.0528,20270511,0.0001404,,,,,0.000005,0.0526546,,,,,33352.83,12080.36,45433.19,,0,,,,,,0,,0,8109550.8,0,0,0,0,N,,,,,,,,,,,,,,,,,,,,,,,,,,,,,,,,,20170206,13000000,,,,,,,,,20170713,20170713,1,,,,CREFC,20170831,,,,,,,N,,,,,0,292177.51,,0,0,0,,N,,8200000,S2,,,,,,,,,,,0,,,,0,,,,,WF,K,20180213,20180312,N,,,,,,,0,WFCM17C38
WFCM17C38,,308080037,37,20180316,8025000,8025000,20180306,,0.04283,20270606,0.0006154,,,,,0.000005,0.0422096,,,,,26733.06,0,26733.06,,0,,,,,,0,,0,8025000,0,0,0,0,N,,,,,,,,,,,,,,,,,,,,,,,,,1113191,583288,529903,266376,1.9893,1,20170101,20170930,20170329,14540000,,,,,,,YN,,20170713,20170713,1,,,,CREFC,,,,,,519385,1.9498,X,,,,,0,418737.64,,0,0,0,,N,,8025000,N,,,,,,,,,,,0,,,,0,,,,,WF,K,20180213,20180312,N,,,,,,,0,WFCM17C38
WFCM17C38,,410939522,38,20180316,7652966.37,7641083.55,20180311,,0.0486,20270611,0.0001404,,,,,0.000005,0.0484546,,,,,28928.21,11882.82,40811.03,,0,,,,,,0,,0,7641083.55,0,0,0,0,N,,,,,,,,,,,1180809,420234,760575,489732,1.553,0.98,20171231,,,,,,,,,,,,,,,,20170223,11500000,,,,,,,,,20170713,20170713,1,,,,CREFC,,698864,1.427,,,,,N,,,,,0,82961,,0,0,0,,N,,7725000,S2,,,,,,,,,,,0,,,,0,,,,,WF,K,20180213,20180312,N,,,,,,,0,WFCM17C38
WFCM17C38,,308080039,39,20180316,7629901.51,7618206.06,20180306,,0.04974,20270606,0.0006404,,,,,0.000005,0.0490946,,,,,29517.55,11695.45,41213,,0,,,,,,0,,0,7618206.06,0,0,0,0,N,,,,,,,,,,,,,,,,,,,,,,,,,,,,,,,,,20170421,11850000,,,,,,,,,20170713,20170713,1,,,,CREFC,,,,,,,,N,,,,,0,19508.64,,0,0,0,,N,,7700000,N,,,,,,,,,,,0,,,,0,,,,,WF,K,20180213,20180312,N,,,,,,,0,WFCM17C38
WFCM17C38,,410940036,40,20180316,7623438.08,7611172.72,20180311,,0.0455,20270611,0.0001404,,,,,0.000005,0.0453546,,,,,26978.5,12265.36,39243.86,,0,,,,,,0,,0,7611172.72,0,0,0,0,N,,,,,,,,,,,,,,,,,,,,,,,,,931217,512701,418516,353195,1.1849,0.78,20170101,20170930,20170404,11550000,,,,,,,YN,,20170713,20170713,1,,,,CREFC,,,,,,396834,1.1235,N,,,,,0,255661,20180212,0,0,0,,N,,7700000,S2,,,,,,,,,,,0,,,,0,,,,,WF,K,20180213,20180312,N,,,,,,,0,WFCM17C38
WFCM17C38,,883100706,41,20180316,7612737.82,7601314.22,20180306,,0.052,20270506,0.0001404,,,,,0.000005,0.0518546,,,,,30789.3,11423.6,42212.9,,0,,,,,,0,,0,7601314.22,0,0,0,0,N,,,,,,,,,,,,,,,,,,,,,,,,,1244646,560668,683978,379916,1.8003,0.98,20170101,20170930,20170407,10500000,,,,,,,YN,,20170713,20170713,1,,,,CREFC,,,,,,575819,1.5156,N,,,,,0,622308.65,,0,0,0,,N,,7687500,S2,,,,,,,,,,,0,,,,0,,,,,WF,K,20180213,20180312,N,,,,,,,0,WFCM17C38
WFCM17C38,,300571714,42,20180316,7300000,7300000,20180306,,0.0485,20270606,0.0001404,,,,,0.000005,0.0483546,,,,20200706,27537.22,0,27537.22,,0,,,,,,0,,0,7300000,0,0,0,0,N,,,,,,,,,,,,,,,,,,,,,,,,,956153,418903,537250,358967,1.4966,0.93,20161001,20170930,20170327,11050000,,,,,,,TN,,20170713,20170713,2,,,,CREFC,,,,,,524374,1.4607,N,,,,,0,147650,,0,0,0,,N,,7300000,S2,,,,,,,,,,,0,,,,0,,,,,WF,K,20180213,20180312,N,,,,,,,0,WFCM17C38
WFCM17C38,,300571706,43,20180316,7063838.73,7043883.08,20180306,,0.0506,20270606,0.0001404,,,,,0.000005,0.0504546,,,,,27800.13,19955.65,47755.78,,0,,,,,,0,,0,7043883.08,0,0,0,0,N,,,,,,,,,,,2971451,1949759,1021692,573069,1.7828,0.83,20171231,,,,,,,,,,,,,,,,20170401,13300000,,,,,,,YN,,20170713,20170713,1,,,,CREFC,,902834,1.5754,,,,,N,,,,,0,182010.18,,0,0,0,,N,,7200000,S2,,,,,,,,,,,0,,,,0,,,,,WF,K,20180213,20180312,N,,,,,,,0,WFCM17C38
WFCM17C38,,308080044,44,20180316,6972779.94,6962257.95,20180311,,0.0519,20270411,0.0001404,,,,,0.000005,0.0517546,,,,,28146.79,10521.99,38668.78,,0,,,,,,0,,0,6962257.95,0,0,0,0,N,,,,,,,,,,,,,,,,,,,,,,,,,1074715,381896,692819,348019,1.9907,1,20170101,20170930,20170203,10040000,,,,,,,YN,,20170713,20170713,1,,,,CREFC,,,,,,631951,1.8158,N,,,,,0,86338.16,,0,0,0,,N,,7050000,S2,,,,,,,,,,,0,,,,0,,,,,WF,K,20180213,20180312,N,,,,,,,0,WFCM17C38
WFCM17C38,,308080045,45,20180316,6929835.33,6919273.46,20180311,,0.0506,20270511,0.0001404,,,,,0.000005,0.0504546,,,,,27272.75,10561.87,37834.62,,0,,,,,,0,,0,6919273.46,0,0,0,0,N,,,,,,,,,,,,,,,,,,,,,,,,,888714,429288,459426,340511,1.3492,0.94,20170101,20170930,20170308,10550000,,,,,,,YN,,20170713,20170713,1,,,,CREFC,,,,,,452414,1.3286,N,,,,,0,8571.99,,0,0,0,,N,,7000000,S2,,,,,,,,,,,0,,,,0,,,,,WF,K,20180213,20180312,N,,,,,,,0,WFCM17C38
WFCM17C38,,308080046,46,20180316,6686263.5,6675810.64,20180311,,0.048,20270611,0.0001404,,,,,0.000005,0.0478546,,,,,24962.05,10452.86,35414.91,,0,,,,,,0,,0,6675810.64,0,2051.11,0,0,N,,,,,,,,,,,,,,,,,,,,,,,,,1009455,451544,557911,318734,1.7503,0.81,20170101,20170930,20170328,10500000,,,,,,,YN,,20170713,20170713,1,,,,CREFC,,,,,,462202,1.4501,X,,,,,0,426746.44,,0,0,0,,N,,6750000,S2,,,,,,,,,,,0,,,,0,,,,,WF,K,20180213,20180312,N,,,,,,,0,WFCM17C38
WFCM17C38,,308080047,47,20180316,5941649.06,5932733.08,20180306,,0.052,20270506,0.0007154,,,,,0.000005,0.0512796,,,,,24030.67,8915.98,32946.65,,0,,,,,,0,,0,5932733.08,0,0,0,0,N,,,,,,,,,,,,,,,,,,,,,,,,,,,,,,,,,20170314,10100000,,,,,,,,,20170713,20170713,1,,,,CREFC,,,,,,,,N,,,,,0,360892.47,,0,0,0,,N,,6000000,N,,,,,,,,,,,0,,,,0,,,,,WF,K,20180213,20180312,N,,,,,,,0,WFCM17C38
WFCM17C38,,308080049,49,20180316,5856629.75,5839832.98,20180311,,0.0502,20270411,0.0001404,,,,,0.000005,0.0500546,,,,,22866.89,16796.77,39663.66,,0,,,,,,0,,0,5839832.98,0,0,0,0,N,,,,,,,,,,,2205418,1324299,881119,475964,1.8512,0.74,20171231,,,,,,,,,,,,,,,,20170301,9200000,,,,,,,TN,,20170713,20170713,1,,,,CREFC,,792902,1.6658,,,,,N,,,,,0,286713.88,,0,0,0,,N,,6000000,S2,,,,,,,,,,,0,,,,0,,,,,WF,K,20180213,20180312,N,,,,,,,0,WFCM17C38
WFCM17C38,,308080048,48,20180316,5856629.75,5839832.98,20180311,,0.0502,20270411,0.0001404,,,,,0.000005,0.0500546,,,,,22866.89,16796.77,39663.66,,0,,,,,,0,,0,5839832.98,0,0,0,0,N,,,,,,,,,,,,,,,,,,,,,,,,,2391336,1322024,1069312,475964,2.2466,0.75,20161001,20170930,20170301,10000000,,,,,,,TN,,20170713,20170713,1,,,,CREFC,,,,,,973659,2.0456,N,,,,,0,393987.85,,0,0,0,,N,,6000000,S2,,,,,,,,,,,0,,,,0,,,,,WF,K,20180213,20180312,N,,,,,,,0,WFCM17C38
WFCM17C38,,883100708,50,20180316,5701966.11,5692460.96,20180306,,0.0428,20270506,0.0001404,,,,,0.000005,0.0426546,,,,,18981.21,9505.15,28486.36,,0,,,,,,0,,0,5692460.96,0,0,0,0,N,,,,,,,,,,,990434,441910,548524,341836,1.6046,0.98,20171231,,,,,,,,,,,,,,,,20170404,8450000,,,,,,,,,20170713,20170713,1,,,,CREFC,,518524,1.5168,,,,,N,,,,,0,25000,,0,0,0,,N,,5770000,S2,,,,,,,,,,,0,,,,0,,,,,WF,K,20180213,20180312,N,,,,,,,0,WFCM17C38
WFCM17C38,,308080051,51,20180316,5572548.32,5563895.78,20180311,,0.0486,20270611,0.0001404,,,,,0.000005,0.0484546,,,,,21064.23,8652.54,29716.77,,0,,,,,,0,,0,5563895.78,0,0,0,0,N,,,,,,,,,,,854629,355014,499615,356601,1.401,0.78,20171231,,,,,,,,,,,,,,,,20170404,7500000,,,,,,,,,20170713,20170713,1,,,,CREFC,,482915,1.3542,,,,,N,,,,,0,24168.34,,0,0,0,,N,,5625000,S2,,,,,,,,,,,0,,,,0,,,,,WF,K,20180213,20180312,N,,,,,,,0,WFCM17C38
WFCM17C38,,308080052,52,20180316,5550000,5550000,20180211,,0.0488,20270511,0.0001404,,,,,0.000005,0.0486546,,,,20190611,21065.33,0,21065.33,,0,,,,,,0,,0,5550000,21043.75,40.58,0,B,N,,,,,,,,,,,,,,,,,,,,,,,,,636771,299815,336956,205387,1.6405,0.89,20170101,20170930,20170315,8400000,,,,,,,YN,,20170713,20170713,1,,,,CREFC,,,,,,328181,1.5978,N,,,,,0,9709.91,,0,0,0,,N,,5550000,S2,,,,,,,,,,,0,,,,0,,,,,WF,K,20180213,20180312,N,,,,,,,0,WFCM17C38
WFCM17C38,,310941340,2C,20180316,5453000,5453000,20180301,,0.036575,20270601,0.000102,,,,,0.000005,0.036468,,,,,15512.27,0,15512.27,,0,,,,,,0,,0,5453000,0,0,0,0,N,,,,,,,,,,,,,,,,,,,,,,,,,,,,,,,,,,,,,,,,,,,20170713,20170713,,,,,CREFC,,,,,,,,N,,,,,0,,,0,0,0,,N,,5453000,S1,,,,,,,,,,,0,,,,0,,,,,WF,K,20180213,20180312,N,,,,,,,0,WFCM17C38
WFCM17C38,,308080102,2B,20180316,5453000,5453000,20180301,,0.036575,20270601,0.000102,,,,,0.000005,0.036468,,,,,15512.27,0,15512.27,,0,,,,,,0,,0,5453000,0,0,0,0,N,,,,,,,,,,,,,,,,,,,,,,,,,,,,,,,,,,,,,,,,,,,20170713,20170713,,,,,CREFC,,,,,,,,N,,,,,0,,,0,0,0,,N,,5453000,N,,,,,,,,,,,0,,,,0,,,,,WF,K,20180213,20180312,N,,,,,,,0,DAFC17AMO
WFCM17C38,,883100711,54,20180316,5363000,5363000,20180306,,0.04852,20270506,0.0001404,,,,,0.000005,0.0483746,,,,20190606,20238.77,0,20238.77,,0,,,,,,0,,0,5363000,0,0,0,0,N,,,,,,,,,,,,,,,,,,,,,,,,,726642,238766,487876,197328,2.4724,0.97,20170101,20170930,20170318,7400000,,,,,,,YN,,20170713,20170713,1,,,,CREFC,,,,,,436598,2.2125,N,,,,,0,37736.81,,0,0,0,,N,,5363000,S2,,,,,,,,,,,0,,,,0,,,,,WF,K,20180213,20180312,N,,,,,,,0,WFCM17C38
WFCM17C38,,308080055,55,20180316,5360000,5360000,20180311,,0.046,20270611,0.0001404,,,,,0.000005,0.0458546,,,,20180711,19176.89,0,19176.89,,0,,,,,,0,,0,5360000,0,0,0,0,N,,,,,,,,,,,,,,,,,,,,,,,,,,,,,,,,,20170427,7290000,,,,,,,,,20170713,20170713,1,,,,CREFC,,,,,,,,N,,,,,0,12549.5,,0,0,0,,N,,5360000,S2,,,,,,,,,,,0,,,,0,,,,,WF,K,20180213,20180312,N,,,,,,,0,WFCM17C38
WFCM17C38,,308080053,53,20180316,5345756.76,5337600.1,20180311,,0.0505,20270511,0.0001404,,,,,0.000005,0.0503546,,,,,20996.94,8156.66,29153.6,,0,,,,,,0,,0,5337600.1,0,0,0,0,N,,,,,,,,,,,,,,,,,,,,,,,,,663747,247848,415899,262382,1.585,0.86,20170101,20170930,20170305,8170000,,,,,,,YN,,20170713,20170713,1,,,,CREFC,,,,,,407762,1.554,N,,,,,0,9947.44,,0,0,0,,N,,5400000,S2,,,,,,,,,,,0,,,,0,,,,,WF,K,20180213,20180312,N,,,,,,,0,WFCM17C38
WFCM17C38,,883100709,56,20180316,5236108.81,5227266.07,20180306,,0.0417,20270506,0.0001404,,,,,0.000005,0.0415546,,,,,16982.45,8842.74,25825.19,,0,,,,,,0,,0,5227266.07,0,0,0,0,N,,,,,,,,,,,891849,378165,513684,309902,1.6575,0.99,20171231,,,,,,,,,,,,,,,,20170404,8200000,,,,,,,,,20170713,20170713,1,,,,CREFC,,489492,1.5795,,,,,N,,,,,0,20000,,0,0,0,,N,,5300000,S2,,,,,,,,,,,0,,,,0,,,,,WF,K,20180213,20180312,N,,,,,,,0,WFCM17C38
WFCM17C38,,410939279,57,20180316,5100000,5100000,20180311,,0.0463,20270511,0.0001404,,,,,0.000005,0.0461546,,,,,18365.67,0,18365.67,,0,,,,,,0,,0,5100000,0,0,0,0,N,,,,,,,,,,,706052,171913,534139,239407,2.231,1,20171231,,,,,,,,,,,,,,,,20170315,8920000,,,,,,,YN,,20170713,20170713,1,,,,CREFC,,499550,2.0866,,,,,N,,,,,0,28820,,0,0,0,,N,,5100000,S2,,,,,,,,,,,0,,,,0,,,,,WF,K,20180213,20180312,N,,,,,,,0,WFCM17C38
WFCM17C38,,883100723,58,20180316,4943778.57,4934826.14,20180306,,0.0497,20270606,0.0001404,,,,,0.000005,0.0495546,,,,,19110.45,8952.43,28062.88,,0,,,,,,0,,0,4934826.14,0,0,0,0,N,,,,,,,,,,,2597177,1684383,912794,336754,2.7105,0.9,20171231,,,,,,,,,,,,,,,,20170407,9100000,,,,,,,,,20170713,20170713,1,,,,CREFC,,808907,2.402,,,,,N,,,,,0,65887.39,,0,0,0,,N,,5000000,S2,,,,,,,,,,,0,,,,0,,,,,WF,K,20180213,20180312,N,,,,,,,0,WFCM17C38
WFCM17C38,,410939576,59,20180316,4860000,4860000,20180311,,0.0453,20270511,0.0001404,,,,,0.000005,0.0451546,,,,20200611,17123.4,0,17123.4,,0,,,,,,0,,0,4860000,0,0,0,0,N,,,,,,,,,,,,,,,,,,,,,,,,,501775,113800,387975,166953,2.3238,0.87,20170101,20170930,20170310,8300000,,,,,,,YN,,20170713,20170713,1,,,,CREFC,,,,,,370469,2.219,N,,,,,0,96194.38,,0,0,0,,N,,4860000,S2,,,,,,,,,,,0,,,,0,,,,,WF,K,20180213,20180312,N,,,,,,,0,WFCM17C38
WFCM17C38,,600939465,60,20180316,4446375.78,4439580.05,20180311,,0.05,20270611,0.0009154,,,,,0.000005,0.0490796,,,,,17291.46,6795.73,24087.19,,0,,,,,,0,,0,4439580.05,0,0,0,0,N,,,,,,,,,,,528920,174505,354415,289046,1.2261,1,20171231,,,,,,,,,,,,,,,,20170410,8000000,,,,,,,,,20170713,20170713,1,,,,CREFC,,335423,1.1604,,,,,N,,,,,0,998944,,0,0,0,,N,,4487000,S2,,,,,,,,,,,0,,,,0,,,,,WF,K,20180213,20180312,N,,,,,,,0,WFCM17C38
WFCM17C38,,300571713,61,20180316,4200000,4200000,20180306,,0.0415,20270606,0.0001404,,,,,0.000005,0.0413546,,,,,13556.67,0,13556.67,,0,,,,,,0,,0,4200000,0,0,0,0,N,,,,,,,,,,,754781,215109,539672,176721,3.0538,0.98,20171231,,,,,,,,,,,,,,,,20170502,8400000,,,,,,,,,20170713,20170713,1,,,,CREFC,,501899,2.84,,,,,X,,,,,0,103695.04,,0,0,0,,N,,4200000,S2,,,,,,,,,,,0,,,,0,,,,,WF,K,20180213,20180312,N,,,,,,,0,WFCM17C38
WFCM17C38,,308080062,62,20180316,3962622.85,3956463.07,20180311,,0.0485,20270611,0.0001404,,,,,0.000005,0.0483546,,,,,14947.89,6159.78,21107.67,,0,,,,,,0,,0,3956463.07,0,0,0,0,N,,,,,,,,,,,,,,,,,,,,,,,,,279909,14402,265507,189969,1.3976,1,20170101,20170930,20170315,5740000,,,,,,,YN,,20170713,20170713,1,,,,CREFC,,,,,,255493,1.3449,N,,,,,0,11129.41,,0,0,0,,N,,4000000,S2,,,,,,,,,,,0,,,,0,,,,,WF,K,20180213,20180312,N,,,,,,,0,WFCM17C38
WFCM17C38,,308080063,63,20180316,3491072.68,3485557.27,20180306,,0.04708,20270606,0.0001404,,,,,0.000005,0.0469346,,,,,12783.53,5515.41,18298.94,,0,,,,,,0,,0,3485557.27,0,0,0,0,N,,,,,,,,,,,,,,,,,,,,,,,,,467928,240030,227898,164690,1.3837,0.78,20170101,20170930,20170327,6200000,,,,,,,YN,,20170713,20170713,1,,,,CREFC,,,,,,222130,1.3487,N,,,,,0,25713.21,,0,0,0,,N,,3525000,S2,,,,,,,,,,,0,,,,0,,,,,WF,K,20180213,20180312,N,,,,,,,0,WFCM17C38
WFCM17C38,,300571703,64,20180316,3471805.89,3466804.98,20180306,,0.0554,20270606,0.0001404,,,,,0.000005,0.0552546,,,,,14959.63,5000.91,19960.54,,0,,,,,,0,,0,3466804.98,0,0,0,0,N,,,,,,,,,,,612645,160966,451679,239526,1.8857,0.94,20171231,,,,,,,,,,,,,,,,20170310,5420000,,,,,,,,,20170713,20170713,1,,,,CREFC,,441383,1.8427,,,,,N,,,,,0,7722,,0,0,0,,N,,3500000,S2,,,,,,,,,,,0,,,,0,,,,,WF,K,20180213,20180312,N,,,,,,,0,WFCM17C38
WFCM17C38,,308080065,65,20180316,3466313.3,3460837.01,20180306,,0.04708,20270606,0.0001404,,,,,0.000005,0.0469346,,,,,12692.87,5476.29,18169.16,,0,,,,,,0,,0,3460837.01,0,0,0,0,N,,,,,,,,,,,,,,,,,,,,,,,,,400568,173029,227539,163523,1.3914,0.84,20170101,20170930,20170323,5400000,,,,,,,YN,,20170713,20170713,1,,,,CREFC,,,,,,223825,1.3687,N,,,,,0,5569.47,,0,0,0,,N,,3500000,S2,,,,,,,,,,,0,,,,0,,,,,WF,K,20180213,20180312,N,,,,,,,0,WFCM17C38
WFCM17C38,,308080066,66,20180316,3317757.04,3312515.45,20180306,,0.04708,20270606,0.0001404,,,,,0.000005,0.0469346,,,,,12148.89,5241.59,17390.48,,0,,,,,,0,,0,3312515.45,0,0,0,0,N,,,,,,,,,,,,,,,,,,,,,,,,,387104,149108,237996,156514,1.5206,0.8,20170101,20170930,20170324,5740000,,,,,,,YN,,20170713,20170713,1,,,,CREFC,,,,,,233439,1.4914,N,,,,,0,6835.5,,0,0,0,,N,,3350000,S2,,,,,,,,,,,0,,,,0,,,,,WF,K,20180213,20180312,N,,,,,,,0,WFCM17C38
WFCM17C38,,600939227,67,20180316,3266637.67,3261636.61,20180311,,0.0502,20270511,0.0009154,,,,,0.000005,0.0492796,,,,,12754.41,5001.06,17755.47,,0,,,,,,0,,0,3261636.61,0,0,0,0,N,,,,,,,,,,,420480,103485,316995,213066,1.4877,1,20171231,,,,,,,,,,,,,,,,20170216,5600000,,,,,,,YN,,20170713,20170713,1,,,,CREFC,,300038,1.4081,,,,,N,,,,,0,830328,,0,0,0,,N,,3300000,S2,,,,,,,,,,,0,,,,0,,,,,WF,K,20180213,20180312,N,,,,,,,0,WFCM17C38
WFCM17C38,,600939128,68,20180316,3261420.92,3256325.93,20180311,,0.0488,20270411,0.0007154,,,,,0.000005,0.0480796,,,,,12378.9,5094.99,17473.89,,0,,,,,,0,,0,3256325.93,0,0,0,0,N,,,,,,,,,,,,,,,,,,,,,,,,,409668,137210,272458,157265,1.7324,1,20170101,20170930,20170303,4640000,,,,,,,YN,,20170713,20170713,1,,,,CREFC,,,,,,255071,1.6219,N,,,,,0,46520,,0,0,0,,N,,3300000,N,,,,,,,,,,,0,,,,0,,,,,WF,K,20180213,20180312,N,,,,,,,0,WFCM17C38
WFCM17C38,,300571712,69,20180316,3071093.3,3066324.79,20180306,,0.0486,20270606,0.0001404,,,,,0.000005,0.0484546,,,,,11608.73,4768.51,16377.24,,0,,,,,,0,,0,3066324.79,0,0,0,0,N,,,,,,,,,,,550505,135482,415023,196527,2.1117,0.96,20171231,,,,,,,,,,,,,,,,20170415,6100000,,,,,,,,,20170713,20170713,1,,,,CREFC,,347028,1.7658,,,,,N,,,,,0,79490.61,,0,0,0,,N,,3100000,S2,,,,,,,,,,,0,,,,0,,,,,WF,K,20180213,20180312,N,,,,,,,0,WFCM17C38
WFCM17C38,,308080070,70,20180316,2812500,2812500,20180311,,0.0484,20270611,0.0001404,,,,,0.000005,0.0482546,,,,20190711,10587.5,0,10587.5,,0,,,,,,0,,0,2812500,0,0,0,0,N,,,,,,,,,,,458594,200176,258418,138016,1.8723,0.76,20171231,,,,,,,,,,,,,,,,20170417,4100000,,,,,,,,,20170713,20170713,1,,,,CREFC,,251563,1.8227,,,,,X,,,,,0,10712.62,,0,0,0,,N,,2812500,S2,,,,,,,,,,,0,,,,0,,,,,WF,K,20180213,20180312,N,,,,,,,0,WFCM17C38
WFCM17C38,,308080071,71,20180316,2514895.37,2509915.14,20180311,,0.0532,20270511,0.0001404,,,,,0.000005,0.0530546,,,,,10406.08,4980.23,15386.31,,0,,,,,,0,,0,2509915.14,0,0,0,0,N,,,,,,,,,,,,,,,,,,,,,,,,,614348,297487,316861,138478,2.2881,0.94,20170101,20170930,20161109,4600000,,,,,,,YN,,20170713,20170713,2,,,,CREFC,,,,,,307636,2.2215,N,,,,,0,11275,,0,0,0,,N,,2550000,S2,,,,,,,,,,,0,,,,0,,,,,WF,K,20180213,20180312,N,,,,,,,0,WFCM17C38
WFCM17C38,,600938053,72,20180316,2378040.11,2374385.08,20180311,,0.0495,20220611,0.0009154,,,,,0.000005,0.0485796,,,,,9155.45,3655.03,12810.48,,0,,,,,,0,,0,2374385.08,0,0,0,0,N,,,,,,,,,,,,,,,,,,,,,,,,,,,,,,,,,20170221,4050000,,,,,,,,,20170713,20170713,1,,,,CREFC,,,,,,,,N,,,,,0,165120,,0,0,0,,N,,2400000,N,,,,,,,,,,,0,,,,0,,,,,WF,K,20180213,20180312,N,,,,,,,0,WFCM17C38
WFCM17C38,,308080073,73,20180316,2179954.94,2176611.91,20180311,,0.0497,20270611,0.0001404,,,,,0.000005,0.0495546,,,,,8426.74,3343.03,11769.77,,0,,,,,,0,,0,2176611.91,0,0,0,0,N,,,,,,,,,,,504551,245897,258654,141237,1.8313,0.8,20171231,,,,,,,,,,,,,,,,20170505,3460000,,,,,,,,,20170713,20170713,1,,,,CREFC,,253354,1.7938,,,,,N,,,,,0,4416.78,,0,0,0,,N,,2200000,S2,,,,,,,,,,,0,,,,0,,,,,WF,K,20180213,20180312,N,,,,,,,0,WFCM17C38
WFCM17C38,,600939290,74,20180316,2078173.83,2074945.32,20180311,,0.0489,20270511,0.0008154,,,,,0.000005,0.0480796,,,,,7903.99,3228.51,11132.5,,0,,,,,,0,,0,2074945.32,0,0,0,0,N,,,,,,,,,,,425270,169919,255351,133590,1.9114,1,20171231,,,,,,,,,,,,,,,,20170331,3225000,,,,,,,,,20170713,20170713,1,,,,CREFC,,219900,1.646,,,,,N,,,,,0,31095,,0,0,0,,N,,2100000,N,,,,,,,,,,,0,,,,0,,,,,WF,K,20180213,20180312,N,,,,,,,0,WFCM17C38
WFCM17C38,,410939697,75,20180316,1378702.55,1375806.42,20180311,,0.0472,20270511,0.0001404,,,,,0.000005,0.0470546,,,,,5061.37,2896.13,7957.5,,0,,,,,,0,,0,1375806.43,0,0,0,0,N,,,,,,,,,,,307906,104816,203090,95490,2.1268,1,20171231,,,,,,,,,,,,,,,,20170310,2600000,,,,,,,YN,,20170713,20170713,1,,,,CREFC,,179747,1.8823,,,,,N,,,,,0,38740,,0,0,0,,N,,1400000,N,,,,,,,,,,,0,,,,0,,,,,WF,K,20180213,20180312,N,,,,,,,0,WFCM17C38
WFCM17C38,,308080076,76,20180316,1328663.56,1326647.54,20180311,,0.051,20270511,0.0001404,,,,,0.000005,0.0508546,,,,,5270.37,2016.02,7286.39,,0,,,,,,0,,0,1326647.54,0,0,0,0,N,,,,,,,,,,,199162,42467,156695,87437,1.792,1,20171231,,,,,,,,,,,,,,,,20170220,2140000,,,,,,,,,20170713,20170713,1,,,,CREFC,,144263,1.6499,,,,,N,,,,,0,12444.51,,0,0,0,,N,,1342000,S2,,,,,,,,,,,0,,,,0,,,,,WF,K,20180213,20180312,N,,,,,,,0,WFCM17C38
