WFCM16LC24,,310935048,1,20180316,68419726.6,68303103.65,20180301,,0.0438,20260901,0.0001265,,,,,0.000005,0.0436685,,,,,233083.2,116622.95,349706.15,,0,,,,,,0,,0,68303103.65,0,0,0,0,N,,,,,,,,,,,9728527,1752467,7976060,5395466,1.4782,0.91,20171231,9190860,1771568,7419292,5395466,1.375,0.97,20161231,,,,,,,,,20160601,121000000,,,,,,,,,20160929,20160929,1,,,,CREFC,,7333672,1.3592,6776904,1.256,,,N,,,,,0,203577.15,,0,0,0,,N,,64500000,H,,,,,,,,,,,0,,,,0,,,,,WF,M,20180213,20180312,N,,,,,,,0,WFCM16LC24,,,,,,
WFCM16LC24,,28000896,2,20180316,58170138.28,58076937.49,20180306,,0.04586,20260606,0.0001265,,,,,0.000005,0.0457285,,,,,207486.42,93200.79,300687.21,,0,,,,,,0,,0,58076937.49,0,0,0,0,N,,,,,,,,,,,7835762,3228356,4607406,3608245,1.2769,0.9,20161231,,,,,,,,6036236,2537185,3499051,2264167,1.5454,0.91,20170101,20170930,,81680000,,,,,,,YN,,20160929,20160929,7,,,,CREFC,,4505306,1.2486,,,3422475,1.5115,N,,,,,0,8510.85,,0,0,0,,N,,60000000,S2,,,,,,,,,,,0,,,,0,,,,,WF,M,20180213,20180312,N,,,,,,,0,WFCM16LC24,,,,,,
WFCM16LC24,,310934701,3,20180316,46700000,46700000,20180311,,0.0445,20360711,0.0001265,,,,,0.000005,0.0443685,,,,,161633.89,0,161633.89,,0,,,,,,0,,0,46700000,0,0,0,0,N,,,,,,,,,,,2400000,0,2400000,2112786,1.1359,1,20161231,,,,,,,,1812000,0,1812000,1581703,1.1456,1,20170101,20170930,20160504,62000000,,,,,,20260711,YN,,20160929,20160929,1,,,,CREFC,,2400000,1.1359,,,1812000,1.1456,X,,,,,0,,,0,0,0,,N,,59500000,S2,,,,,,,,,,,0,,,,0,,,,,WF,M,20180213,20180312,N,,,,,,,0,WFCM16LC24,,,,,,
WFCM16LC24,,28000918,5,20180316,37000000,37000000,20180306,,0.0475,20260806,0.0001265,,,,,0.000005,0.0473685,,,,20210906,136694.44,0,136694.44,,0,,,,,,0,,0,37000000,0,0,0,0,N,,,,,,,,,,,,,,,,,,,,,,,,,6007188,2710049,3297139,1337653,2.4648,0.97,20170101,20170930,20160503,54750000,,,,,,,YN,,20160929,20160929,1,,,,CREFC,,,,,,2870170,2.1456,N,,,,,0,871117,,0,0,0,,N,,32500000,H,,,,,,,,,,,0,,,,0,,,,,WF,M,20180213,20180312,N,,,,,,,0,WFCM16LC24,,,,,,
WFCM16LC24,,310936145,6,20180316,29526000,29526000,20180301,,0.03744,20260701,0.0001105,,,,,0.000005,0.0373245,,,,,85979.71,0,85979.71,,0,,,,,,0,,0,29526000,0,0,0,0,N,,,,,,,,,,,61844156,14091347,47752809,20592000,2.3189,0.88,20161231,,,,,,,,48196483,10473476,37723007,15615600,2.4157,0.91,20170101,20170930,20160426,1100000000,,,,,,,YN,,20160929,20160929,1,,,,CREFC,,45895180,2.2287,,,36329785,2.3265,N,,,,,0,,,0,0,0,,N,,,N,,,,,,,,,,,0,,,,0,,,,,WF,AUR,20180213,20180312,N,,,,,,,0,SHOPS 2016-CSTL,,,,,,
WFCM16LC24,,310936019,7,20180316,27000000,27000000,20180311,,0.043,20260611,0.0001105,,,,,0.000005,0.0428845,,,,,90300,0,90300,,0,,,,,,0,,0,27000000,0,0,0,0,N,,,,,,,,,,,11741675,3552205,8189470,3803350,2.1532,1,20161231,,,,,,,,9163820,2775342,6388478,2847317,2.2436,1,20170101,20170930,20160505,142000000,,,,,,,YN,,20160929,20160929,1,,,,CREFC,20171116,7593240,1.9964,,,5941306,2.0866,X,,,,,0,,,0,0,0,,N,,25000000,H,,,,,,,,,,,0,,,,0,,,,,WF,RC,20180213,20180312,N,,,,,,,0,WFCM16BNK1,,,,,,
WFCM16LC24,,310934902,8,20180316,26339491.52,26295007.59,20180311,,0.0453,20260711,0.0001265,,,,,0.000005,0.0451685,,,,,92802.81,44483.93,137286.74,,0,,,,,,0,,0,26295007.59,0,0,0,0,N,,,,,,,,,,,7605343,4352447,3252896,1647441,1.9745,0.77,20171231,7232631,4279182,2953449,1647441,1.7927,0.75,20161231,,,,,,,,,20160510,40500000,,,,,,,,,20160929,20160929,1,,,,CREFC,,2958943,1.796,2659496,1.6143,,,X,,,,,0,491509.49,,0,0,0,,N,,24850000,S1,,,,,,,,,,,0,,,,0,,,,,WF,M,20180213,20180312,N,,,,,,,0,WFCM16LC24,,,,,,
WFCM16LC24,,28000914,9,20180316,25694257.11,25653785.76,20180306,,0.04488,20260706,0.0001265,,,,,0.000005,0.0447485,,,,,89690.09,40471.35,130161.44,,0,,,,,,0,,0,25653785.76,0,0,0,0,N,,,,,,,,,,,2921520,824490,2097030,1173780,1.7865,0.95,20161231,,,,,,,,2168056,745774,1422282,878732,1.6185,0.96,20170101,20170930,20160609,35360000,,,,,,,YN,,20160929,20160929,1,,,,CREFC,,2077080,1.7695,,,1407319,1.6015,N,,,,,0,3325.36,,0,0,0,,N,,24460000,S2,,,,,,,,,,,0,,,,0,,,,,WF,M,20180213,20180312,N,,,,,,,0,WFCM16LC24,,,,,,
WFCM16LC24,,28300906,4,20180316,25000000,25000000,20180306,,0.04109,20260706,0.0001105,,,,,0.000005,0.0409745,,,,,79897.22,0,79897.22,,0,,,,,,0,,0,25000000,0,0,0,0,N,,,,,,,,,,,,,,,,,,,,,,,,,14946722,8449378,6497344,3096131,2.0985,0.89,20170101,20170930,20160501,180000000,,,,,,,YN,,20160929,20160929,1,,,,CREFC,,,,,,6034233,1.9489,X,,,,,0,,,0,0,0,,N,,54000000,H,,,,,,,,,,,0,,,,0,,,,,WF,LNR,20180213,20180312,N,,,,,,,0,WFCM16LC24,,,,,,
WFCM16LC24,,300571581,10,20180316,24700000,24700000,20180306,,0.0424,20260906,0.0001265,,,,,0.000005,0.0422685,,,,,81455.11,0,81455.11,,0,,,,,,0,,0,24700000,0,0,0,0,N,,,,,,,,,,,3805198,1129342,2675856,1061826,2.52,0.95,20171231,3850287,1036612,2813675,1061826,2.6498,0.92,20161231,,,,,,,,,20160628,50000000,,,,,,,,,20160929,20160929,1,,,,CREFC,,2624480,2.4716,2762299,2.6014,,,N,,,,,0,220899.16,,0,0,0,,N,,23600000,H,,,,,,,,,,,0,,,,0,,,,,WF,M,20180213,20180312,N,,,,,,,0,WFCM16LC24,,,,,,
WFCM16LC24,,330933367,11,20180316,23359125.15,23318746.46,20180311,,0.04366,20260611,0.0001265,,,,,0.000005,0.0435285,,,,,79322.4,40378.69,119701.09,,0,,,,,,0,,0,23318746.46,0,0,0,0,N,,,,,,,,,,,9421482,5180598,4240884,1436413,2.9524,0.82,20171231,9067239,5022123,4045116,1436413,2.8161,0.81,20161231,,,,,,,,,20160413,40000000,,,,,,,YN,,20160929,20160929,1,,,,CREFC,,3864025,2.69,3715539,2.5866,,,N,,,,,0,599984.6,,0,0,0,,N,,21750000,S2,,,,,,,,,,,0,,,,0,,,,,WF,M,20180213,20180312,N,,,,,,,0,WFCM16LC24,,,,,,
WFCM16LC24,,330934730,12,20180316,23000000,23000000,20180311,,0.04514,20260611,0.0001265,,,,,0.000005,0.0450085,,,,,80750.44,0,80750.44,,0,,,,,,0,,0,23000000,0,0,0,0,N,,,,,,,,,,,3838452,998614,2839838,1052640,2.6978,0.93,20171231,3635141,947451,2687690,1055524,2.5463,0.91,20161231,,,,,,,,,20160320,45000000,,,,,,,,,20160929,20160929,1,,,,CREFC,,2818421,2.6774,2666273,2.526,,,X,,,,,6.37,,,0,0,0,,N,,20000000,N,,,,,,,,,,,0,,,,0,,,,,WF,M,20180213,20180312,N,,,,,,,0,WFCM16LC24,,,,,,
WFCM16LC24,,300571560,13,20180316,21970500,21970500,20180306,,0.044,20260806,0.0001265,,,,,0.000005,0.0438685,,,,20190906,75187.93,0,75187.93,,0,,,,,,0,,0,21970500,0,0,0,0,N,,,,,,,,,,,4509370,2189921,2319449,982814,2.36,0.96,20161231,,,,,,,,3361725,1714575,1647150,735768,2.2386,0.89,20170101,20170930,20160607,29670000,,,,,,,YN,,20160929,20160929,1,,,,CREFC,,2197449,2.2358,,,1555650,2.1143,N,,,,,0,107300.02,,0,0,0,,N,,17750000,S2,,,,,,,,,,,0,,,,0,,,,,WF,M,20180213,20180312,N,,,,,,,0,WFCM16LC24,,,,,,
WFCM16LC24,,28000931,14,20180316,21490000,21490000,20180306,,0.0433,20300806,0.0001265,,,,,0.000005,0.0431685,,,,20210906,72373.54,0,72373.54,,0,,,,,,0,,0,21490000,0,0,0,0,N,,,,,,,,,,,,,,,,,,,,,,,,,2341227,921124,1420103,708227,2.0051,1,20170101,20170930,20160629,30700000,,,,,,20260806,YN,,20160929,20160929,1,,,,CREFC,,,,,,1403489,1.9816,N,,,,,0,250114.03,,0,0,0,,N,,16000000,H,,,,,,,,,,,0,,,,0,,,,,WF,M,20180213,20180312,N,,,,,,,0,WFCM16LC24,,,,,,
WFCM16LC24,,28400906,4A,20180316,20000000,20000000,20180306,,0.04109,20260706,0.0001105,,,,,0.000005,0.0409745,,,,,63917.78,0,63917.78,,0,,,,,,0,,0,20000000,0,0,0,0,N,,,,,,,,,,,,,,,,,,,,,,,,,,,,,,,,,,,,,,,,,,,20160929,20160929,,,,,CREFC,,,,,,,,X,,,,,0,,,0,0,0,,N,,42000000,H,,,,,,,,,,,0,,,,0,,,,,WF,LNR,20180213,20180312,N,,,,,,,0,WFCM16LC24,,,,,,
WFCM16LC24,,300571577,15,20180316,19604912.99,19573970.3,20180306,,0.0506,20260906,0.0001265,,,,,0.000005,0.0504685,,,,,77156.22,30942.69,108098.91,,0,,,,,,0,,0,19573970.3,0,0,0,0,N,,,,,,,,,,,5723405,3022655,2700750,1751202,1.5422,0.8,20171231,5846681,2914171,2932510,1751202,1.6745,0.93,20161231,,,,,,,,,20160713,43000000,,,,,,,,,20160929,20160929,1,,,,CREFC,,2250829,1.2853,2482589,1.4176,,,N,,,,,0,1513173.29,,0,0,0,,N,,14813000,S2,,,,,,,,,,,0,,,,0,,,,,WF,M,20180213,20180312,N,,,,,,,0,WFCM16LC24,,,,,,
WFCM16LC24,,28000928,16,20180316,19046293.33,19013228.21,20180306,,0.04222,20260906,0.0001265,,,,,0.000005,0.0420885,,,,,62543.79,33065.12,95608.91,,0,,,,,,0,,0,19013228.21,0,0,0,0,N,,,,,,,,,,,3250212,1277532,1972680,1147307,1.7194,0.79,20171231,3127761,1343160,1784601,1147307,1.5554,0.92,20161231,,,,,,,,,20160624,27300000,,,,,,,,,20160929,20160929,1,,,,CREFC,,1815727,1.5825,1627648,1.4186,,,N,,,,,0,2221364.5,,0,0,0,,N,,14000000,S2,,,,,,,,,,,0,,,,0,,,,,WF,M,20180213,20180312,N,,,,,,,0,WFCM16LC24,,,,,,
WFCM16LC24,,300571558,17,20180316,17768979.38,17740789.5,20180306,,0.046,20260806,0.0001265,,,,,0.000005,0.0458685,,,,,63573.46,28189.88,91763.34,,0,,,,,,0,,0,17740789.5,0,0,0,0,N,,,,,,,,,,,4538293.18,2426908.88,2111384.3,837123,2.5221,0.91,20161231,,,,,,,,3366172,1905270,1460902,647558,2.256,0.87,20170101,20170930,20160608,26950000,,,,,,,YN,,20160929,20160929,1,,,,CREFC,,1979486.3,2.3646,,,1361979,2.1032,N,,,,,0,234657.5,20180111,0,0,0,,N,,13875000,S2,,,,,,,,,,,0,,,,0,,,,,WF,M,20180213,20180312,N,,,,,,,0,WFCM16LC24,,,,,,
WFCM16LC24,,28000911,18,20180316,17193043.39,17167914.09,20180306,,0.0585,20210706,0.0005265,,,,,0.000005,0.0579685,,,,,78228.35,25129.3,103357.65,,0,,,,,,0,,0,17167914.09,0,0,0,0,N,,,,,,,,,,,5175656,2814423,2361233,1240292,1.9037,0.75,20161231,,,,,,,,,,,,,,,,20160429,24900000,,,,,,,,,20160929,20160929,1,,,,CREFC,,2154207,1.7368,,,,,N,,,,,0,496400.82,,0,0,0,,N,,13200000,S2,,,,,,,,,,,0,,,,0,,,,,WF,M,20180213,20180312,N,,,,,,,0,WFCM16LC24,,,,,,
WFCM16LC24,,28000930,19,20180316,16969975.59,16933515.89,20180306,,0.0495,20260806,0.0001265,,,,,0.000005,0.0493685,,,,,65334.41,36459.7,101794.11,,0,,,,,,0,,0,16933515.89,0,0,0,0,N,,,,,,,,,,,5930388,4101155,1829233,1221529,1.4974,0.73,20171231,6198704,4191324,2007380,1221529,1.6433,0.77,20161231,,,,,,,,,20180801,29600000,,,,,,,YN,,20160929,20160929,1,,,,CREFC,,1592017,1.3032,1757898,1.439,,,N,,,,,0,422216.56,20180312,0,0,0,,N,,12910000,S1,,,,,,,,,,,0,,,,0,,,,,WF,M,20180213,20180312,N,,,,,,,0,WFCM16LC24,,,,,,
WFCM16LC24,,28200846,20,20180316,16600000,16600000,20180306,,0.04858,20260106,0.0001105,,,,,0.000005,0.0484645,,,,20210206,62722.18,0,62722.18,,0,,,,,,0,,0,16600000,0,0,0,0,N,,,,,,,,,,,5188690,1690529,3498161,1970675,1.7751,0.82,20170731,5135717,1938266,3197451,1901232,1.6817,0.99,20161231,,,,,,,,,20151106,51500000,,,,,,,,,20160929,20160929,1,,,,CREFC,,3417449,1.7341,3116739,1.6393,,,N,,,,,0,,,0,0,0,,N,,12470000,H,,,,,,,,,,,0,,,,0,,,,,WF,CWC,20180213,20180312,N,,,,,,,0,WFCM16LC24,,,,,,
WFCM16LC24,,310932777,21,20180316,15382241.99,15357321.55,20180311,,0.0442,20260811,0.0001265,,,,,0.000005,0.0440685,,,,,52880.73,24920.44,77801.17,,0,,,,,,0,,0,15357321.55,0,0,0,0,N,,,,,,,,,,,2970934,1350698,1620236,773647,2.0942,0.92,20171231,2434830,1318746,1116084,696518,1.6023,0.85,20161231,,,,,,,,,20151123,22500000,,,,,,,TN,,20160929,20160929,1,,,,CREFC,,1349125,1.7438,844973,1.2131,,,X,,,,,0,144949.58,,0,0,0,,N,,12400000,S2,,,,,,,,,,,0,,,,0,,,,,WF,M,20180213,20180312,N,,,,,,,0,WFCM16LC24,,,,,,
WFCM16LC24,,28000934,22,20180316,14000000,14000000,20180306,,0.045,20260906,0.0001265,,,,,0.000005,0.0448685,,,,20191006,49000,0,49000,,0,,,,,,0,,0,14000000,0,0,0,0,N,,,,,,,,,,,1898907,589528,1309379,640500,2.0443,0.79,20161231,,,,,,,,1582873,415435,1167438,479500,2.4346,0.8,20170101,20170930,20160606,19700000,,,,,,,YN,,20160929,20160929,1,,,,CREFC,,1126890,1.7593,,,1030572,2.1492,N,,,,,0,860392.1,,0,0,0,,N,,12360000,S2,,,,,,,,,,,0,,,,0,,,,,WF,M,20180213,20180312,N,,,,,,,0,WFCM16LC24,,,,,,
WFCM16LC24,,28000899,24,20180316,13666510.13,13644398.39,20180306,,0.0495,20260606,0.0001265,,,,,0.000005,0.0493685,,,,,52616.06,22111.74,74727.8,,0,,,,,,0,,0,13644398.39,0,0,0,0,N,,,,,,,,,,,2783890,1262716,1521174,896734,1.6963,0.92,20171231,2714779,1298419,1416360,896734,1.5794,0.93,20161231,,,,,,,,,20151124,20900000,,,,,,,,,20160929,20160929,1,,,,CREFC,,1312695,1.4638,1207881,1.3469,,,N,,,,,0,409985.89,,0,0,0,,N,,12100000,S2,,,,,,,,,,,0,,,,0,,,,,WF,M,20180213,20180312,N,,,,,,,0,WFCM16LC24,,,,,,
WFCM16LC24,,310934423,25,20180316,13000000,13000000,20180311,,0.0439,20260911,0.0001265,,,,,0.000005,0.0437685,,,,20181011,44387.78,0,44387.78,,0,,,,,,0,,0,13000000,0,0,0,0,N,,,,,,,,,,,,,,,,,,,,,,,,,1398737,634992,763745,434366,1.7582,1,20170101,20170929,20160524,18725000,,,,,,,YN,,20160929,20160929,1,,,,CREFC,,,,,,713282,1.6421,N,,,,,0,461640.16,20171211,0,0,0,,N,,11500000,S2,,,,,,,,,,,0,,,,0,,,,,WF,M,20180213,20180312,N,,,,,,,0,WFCM16LC24,,,,,,
WFCM16LC24,,410934509,26,20180316,12300000,12300000,20180311,,0.0462,20260611,0.0001265,,,,,0.000005,0.0460685,,,,20190711,44198,0,44198,,0,,,,,,0,,0,12300000,0,0,0,0,N,,,,,,,,,,,1859176,499032,1360144,576153,2.3607,0.96,20171231,1775580,505017,1270563,577731,2.1992,0.92,20161231,,,,,,,,,20160414,19200000,,,,,,,,,20160929,20160929,1,,,,CREFC,,1347280,2.3384,1257699,2.1769,,,N,,,,,0,,,0,0,0,,N,,11500000,N,,,,,,,,,,,0,,,,0,,,,,WF,M,20180213,20180312,N,,,,,,,0,WFCM16LC24,,,,,,
WFCM16LC24,,300571575,27,20180316,12300000,12300000,20180306,,0.0433,20260906,0.0001265,,,,,0.000005,0.0431685,,,,20181006,41423.67,0,41423.67,,0,,,,,,0,,0,12300000,0,0,0,0,N,,,,,,,,,,,1698184,523392,1174792,539987,2.1755,0.92,20171231,1709836,651166,1058670,541467,1.9551,0.89,20161231,,,,,,,,,20160727,17000000,,,,,,,,,20160929,20160929,1,,,,CREFC,,1085825,2.0108,969703,1.7908,,,N,,,,,0,133477,,0,0,0,,N,,11030000,S2,,,,,,,,,,,0,,,,0,,,,,WF,M,20180213,20180312,N,,,,,,,0,WFCM16LC24,,,,,,
WFCM16LC24,,28000913,28,20180316,11701826.25,11681881.32,20180306,,0.0445,20260706,0.0005265,,,,,0.000005,0.0439685,,,,,40501.32,19944.93,60446.25,,0,,,,,,0,,0,11681881.31,0,0,0,0,N,,,,,,,,,,,2310136,755453,1554683,725355,2.1433,1,20171231,2258981,739596,1519385,725355,2.0946,0.98,20161231,,,,,,,,,20160519,17500000,,,,,,,,,20160929,20160929,1,,,,CREFC,,1409083,1.9426,1373785,1.8939,,,N,,,,,0,283447.52,,0,0,0,,N,,10800000,S2,,,,,,,,,,,0,,,,0,,,,,WF,M,20180213,20180312,N,,,,,,,0,WFCM16LC24,,,,,,
WFCM16LC24,,28000826,30,20180316,11076246.98,11059697.38,20180306,,0.0498,20251206,0.0001265,,,,,0.000005,0.0496685,,,,,42902,16549.6,59451.6,,0,,,,,,0,,0,11059697.38,0,0,0,0,N,,,,,,,,,,,1497644,541021,956623,560458,1.7068,0.97,20171231,1536914,531701,1005213,561993,1.7886,0.94,20161231,,,,,,,,,20150911,14300000,,,,,,,YN,,20160929,20160929,1,,,,CREFC,,934623,1.6676,983213,1.7495,,,N,,,,,0,49508.68,,0,0,0,,N,,10000000,S2,,,,,,,,,,,0,,,,0,,,,,WF,M,20180213,20180312,N,,,,,,,0,WFCM16LC24,,,,,,
WFCM16LC24,,300571579,29,20180316,11013644.21,10995648.18,20180306,,0.0475,20260906,0.0001265,,,,,0.000005,0.0473685,,,,,40689.3,17996.03,58685.33,,0,,,,,,0,,0,10995648.18,0,0,0,0,N,,,,,,,,,,,1478489,501355,977134,704224,1.3875,0.86,20161231,,,,,,,,1169040,366025,803015,528168,1.5203,0.87,20170101,20170930,20160722,17320000,,,,,,,YN,,20160929,20160929,1,,,,CREFC,,890253,1.2641,,,737855,1.397,N,,,,,0,230393.99,,0,0,0,,N,,10400000,S2,,,,,,,,,,,0,,,,0,,,,,WF,M,20180213,20180312,N,,,,,,,0,WFCM16LC24,,,,,,
WFCM16LC24,,610935236,31,20180316,10638211.06,10619942.18,20180311,,0.0435,20260811,0.0004265,,,,,0.000005,0.0430685,,,,,35992.61,18268.88,54261.49,,0,,,,,,0,,0,10619942.18,0,0,0,0,N,,,,,,,,,,,1382250,350666,1031584,651138,1.5842,0.98,20161231,,,,,,,,1059092,247448,811644,488353,1.662,0.98,20170101,20170930,20160514,14700000,,,,,,,YN,,20160929,20160929,1,,,,CREFC,,964299,1.4809,,,761181,1.5586,X,,,,,0,104868.61,,0,0,0,,N,,9300000,S2,,,,,,,,,,,0,,,,0,,,,,WF,M,20180213,20180312,N,,,,,,,0,WFCM16LC24,,,,,,
WFCM16LC24,,28000901,33,20180316,10275000,10275000,20180306,,0.04455,20260606,0.0001265,,,,,0.000005,0.0444185,,,,,35602.88,0,35602.88,,0,,,,,,0,,0,10275000,0,0,0,0,N,,,,,,,,,,,1303356,66976,1236380,465380,2.6567,1,20161231,,,,,,,,995823,145465,850358,348399,2.4407,1,20170101,20170930,,18730000,,,,,,20210606,YN,,20160929,20160929,2,,,,CREFC,,1201030,2.5807,,,823845,2.3646,X,,,,,0,931557.78,,0,0,0,,N,,8800000,H,,,,,,,,,,,0,,,,0,,,,,WF,M,20180213,20180312,N,,,,,,,0,WFCM16LC24,,,,,,
WFCM16LC24,,28000925,32,20180316,10217786.15,10198402.42,20180306,,0.0443,20260806,0.0001265,,,,,0.000005,0.0441685,,,,,35205.95,19383.73,54589.68,,0,,,,,,0,,0,10198402.42,0,0,0,0,N,,,,,,,,,,,,,,,,,,,,,,,,,596250,5962,590288,491307,1.2014,1,20170101,20170930,20160626,15275000,,,,,,,YN,,20160929,20160929,1,,,,CREFC,,,,,,585662,1.192,N,,,,,0,,,0,0,0,,N,,9000000,H,,,,,,,,,,,0,,,,0,,,,,WF,M,20180213,20180312,N,,,,,,,0,WFCM16LC24,,,,,,
WFCM16LC24,,410934184,34,20180316,10183868.7,10167298.41,20180311,,0.0435,20260911,0.0001265,,,,,0.000005,0.0433685,,,,,34455.42,16570.29,51025.71,,0,,,,,,0,,0,10167298.41,0,0,0,0,N,,,,,,,,,,,1390777,371501,1019276,492438,2.0698,0.96,20171231,1403599,430294,973305,453306,2.1471,1,20161231,,,,,,,,,20160630,14200000,,,,,,,TN,,20160929,20160929,1,,,,CREFC,,986144,2.0025,940173,2.074,,,N,,,,,0,104332.53,,0,0,0,,N,,8800000,S2,,,,,,,,,,,0,,,,0,,,,,WF,M,20180213,20180312,N,,,,,,,0,WFCM16LC24,,,,,,
WFCM16LC24,,300571568,35,20180316,10125000,10125000,20180306,,0.046,20260806,0.0001265,,,,,0.000005,0.0458685,,,,20190906,36225,0,36225,,0,,,,,,0,,0,10125000,0,33912.46,0,0,N,,,,,,,,,,,,,,,,,,,,,,,,,1338471,608162,730309,354488,2.0601,0.65,20170101,20170930,20160603,14010000,,,,,,,YN,,20160929,20160929,1,,,,CREFC,,,,,,692809,1.9543,X,,,,,459.46,3514699.55,20171211,0,0,0,,N,,8200000,S2,,,,,,,,,,,0,,,,0,,,,,WF,M,20180213,20180312,N,,,,,,,0,WFCM16LC24,,,,,,
WFCM16LC24,,28210779,36,20180316,9600000,9600000,20180306,,0.0496,20201006,0.0001105,,,,,0.000005,0.0494845,,,,,37034.67,0,37034.67,,0,,,,,,0,,0,9600000,0,0,0,0,N,,,,,,,,,,,90217138,60389426,29827712,11698987,2.5495,0.75,20161231,,,,,,,,92345614,62375970,29969644,11667020,2.5687,0.77,20161001,20170930,20150820,360000000,,,,,,,TN,,20160929,20160929,21,,,,CREFC,20170424,26333673,2.2509,,,26475605,2.2692,X,,,,,0,,,0,0,0,,N,,8200000,H,,,,,,,,,,,0,,,,0,,,,,WF,LNR,20180213,20180312,N,,,,,,,0,COMM15LC23,,,,,,
WFCM16LC24,,28000871,37,20180316,9310129.89,9296383.47,20180306,,0.0516,20260406,0.0001265,,,,,0.000005,0.0514685,,,,,37364.65,13746.42,51111.07,,0,,,,,,0,,0,9296383.47,0,0,0,0,N,,,,,,,,,,,1493177,646108,847069,509633,1.6621,0.88,20171231,1460735,739444,721291,490501,1.4705,0.93,20161231,,,,,,,,,20160309,12780000,,,,,,,YN,,20160929,20160929,1,,,,CREFC,,823319,1.6155,697541,1.422,,,N,,,,,0,45529.03,,0,0,0,,N,,8150000,S2,,,,,,,,,,,0,,,,0,,,,,WF,M,20180213,20180312,N,,,,,,,0,WFCM16LC24,,,,,,
WFCM16LC24,,28000842,38,20180316,8790681.55,8777649.08,20180306,,0.05015,20260106,0.0001265,,,,,0.000005,0.0500185,,,,,34288.54,13032.47,47321.01,,0,,,,,,0,,0,8777649.08,0,0,0,0,N,,,,,,,,,,,2923430,1510324,1413106,447449,3.1581,0.91,20171231,2808707,1545861,1262846,448674,2.8146,0.84,20161231,,,,,,,,,20151201,15340000,,,,,,,YN,,20160929,20160929,4,,,,CREFC,,1171692,2.6186,1021432,2.2765,,,N,,,,,0,149201.32,,0,0,0,,N,,7500000,S2,,,,,,,,,,,0,,,,0,,,,,WF,M,20180213,20180312,N,,,,,,,0,WFCM16LC24,,,,,,
WFCM16LC24,,28000843,39,20180316,8360947.1,8348083.31,20180306,,0.056172,20210106,0.0001265,,,,,0.000005,0.0560405,,,,,36528.42,12863.79,49392.21,,0,,,,,,0,,0,8348083.3,0,0,0,0,N,,,,,,,,,,,1655107,563418,1091689,592707,1.8418,0.94,20171231,1463694,479102,984592,592707,1.6611,0.95,20161231,,,,,,,,,20151118,11450000,,,,,,,YN,,20160929,20160929,3,,,,CREFC,,1034610,1.7455,927513,1.5648,,,N,,,,,0,393069.96,,0,0,0,,N,,7500000,H,,,,,,,,,,,0,,,,0,,,,,WF,M,20180213,20180312,N,,,,,,,0,WFCM16LC24,,,,,,
WFCM16LC24,,300571576,40,20180316,7833572.05,7820844.16,20180306,,0.048,20260906,0.0001265,,,,,0.000005,0.0478685,,,,,29245.34,12727.89,41973.23,,0,,,,,,0,,0,7820844.16,0,0,0,0,N,,,,,,,,,,,3741812,2526567,1215245,503679,2.4127,0.74,20161231,,,,,,,,1922681,1273853,648828,251839,2.5763,0.71,20170101,20170630,20160628,12300000,,,,,,,YN,,20160929,20160929,1,,,,CREFC,,1065573,2.1155,,,571921,2.2709,N,,,,,0,1058621.7,,0,0,0,,N,,7438000,S1,,,,,,,,,,,0,,,,0,,,,,WF,M,20180213,20180312,N,,,,,,,0,WFCM16LC24,,,,,,
WFCM16LC24,,600936054,41,20180316,7660373.65,7647172.86,20180311,,0.0432,20260811,0.0007015,,,,,0.000005,0.0424935,,,,,25738.86,13200.79,38939.65,,0,,,,,,0,,0,7647172.86,0,0,0,0,N,,,,,,,,,,,1123954,434256,689698,467276,1.4759,0.88,20161231,,,,,,,,920655,351945,568710,350457,1.6227,0.89,20170101,20170930,20160712,11920000,,,,,,,YN,,20160929,20160929,1,,,,CREFC,,619415,1.3255,,,515998,1.4723,N,,,,,0,151075,,0,0,0,,N,,7320000,S2,,,,,,,,,,,0,,,,0,,,,,WF,M,20180213,20180312,N,,,,,,,0,WFCM16LC24,,,,,,
WFCM16LC24,,300571574,42,20180316,7597517.63,7585552.85,20180306,,0.0508,20260906,0.0001265,,,,,0.000005,0.0506685,,,,,30018.64,11964.78,41983.42,,0,,,,,,0,,0,7585552.85,0,0,0,0,N,,,,,,,,,,,2216124,1645603,570521,503801,1.1324,0.59,20171231,2686799,1790922,895877,503801,1.7782,0.69,20161231,,,,,,,,,20160714,12600000,,,,,,,,,20160929,20160929,1,,,,CREFC,,456394,0.9059,781750,1.5517,,,N,,,,,0,17941.98,20171011,0,0,0,,N,,7250000,N,,,,,,,,,,,0,,,,0,,,,,WF,M,20180213,20180312,N,,,,,,,0,WFCM16LC24,,,,,,
WFCM16LC24,,300571570,43,20180316,7471867.09,7459269.85,20180306,,0.0451,20260806,0.0001265,,,,,0.000005,0.0449685,,,,,26209.65,12597.24,38806.89,,0,,,,,,0,,0,7459269.85,0,0,0,0,N,,,,,,,,,,,2932992,1413420,1519572,465683,3.2631,0.83,20161231,,,,,,,,2333361,1276968,1056393,349262,3.0246,0.85,20170101,20170930,20160620,11600000,,,,,,,YN,,20160929,20160929,1,,,,CREFC,,1417910,3.0447,,,980147,2.8063,N,,,,,0,185499.22,,0,0,0,,N,,6250000,S1,,,,,,,,,,,0,,,,0,,,,,WF,M,20180213,20180312,N,,,,,,,0,WFCM16LC24,,,,,,
WFCM16LC24,,300571583,44,20180316,7261024.62,7249025.08,20180306,,0.0465,20260906,0.0001265,,,,,0.000005,0.0463685,,,,,26260.71,11999.54,38260.25,,0,,,,,,0,,0,7249025.08,0,46831.79,0,0,N,,,,,,,,,,,923077,281983,641094,459123,1.3963,1,20171231,,,,,,,,,,,,,,,,20160717,10700000,,,,,,,,,20160929,20160929,1,,,,CREFC,,564563,1.2296,,,,,N,,,,,11.55,34020.37,,0,0,0,,N,,6200000,S2,,,,,,,,,,,0,,,,0,,,,,WF,M,20180213,20180312,N,,,,,,,0,WFCM16LC24,,,,,,
WFCM16LC24,,300571578,45,20180316,7250000,7250000,20180306,,0.0441,20260906,0.0001265,,,,,0.000005,0.0439685,,,,20191006,24867.5,0,24867.5,,0,,,,,,0,,0,7250000,0,7881.72,0,0,N,,,,,,,,,,,1356797,569796,787001,325054,2.4211,0.99,20161231,,,,,,,,1052301,433362,618939,243346,2.5434,0.97,20170101,20170930,20160411,15400000,,,,,,,YN,,20160929,20160929,1,,,,CREFC,,762805,2.3467,,,600792,2.4688,X,,,,,5.25,99731.44,,0,0,0,,N,,6100000,S2,,,,,,,,,,,0,,,,0,,,,,WF,M,20180213,20180312,N,,,,,,,0,WFCM16LC24,,,,,,
WFCM16LC24,,28000909,46,20180316,7200000,7200000,20180306,,0.0475,20260706,0.0001265,,,,,0.000005,0.0473685,,,,20190806,26600,0,26600,,0,,,,,,0,,0,7200000,0,0,0,0,N,,,,,,,,,,,,,,,,,,,,,,,,,752888,352532,400356,260300,1.538,0.94,20170101,20170930,20160511,10950000,,,,,,,YN,,20160929,20160929,3,,,,CREFC,,,,,,384606,1.4775,N,,,,,0,27133.21,,0,0,0,,N,,6100000,S2,,,,,,,,,,,0,,,,0,,,,,WF,M,20180213,20180312,N,,,,,,,0,WFCM16LC24,,,,,,
WFCM16LC24,,306490047,47,20180316,6846026.3,6834858.23,20180306,,0.048,20260806,0.0004855,,,,,0.000005,0.0475095,,,,,25558.5,11168.07,36726.57,,0,,,,,,0,,0,6834858.23,0,0,0,0,N,,,,,,,,,,,,,,,,,,,,,,,,,,,,,,,,,20160610,34300000,,,,,,,,,20160929,20160929,1,,,,CREFC,,,,,,,,N,,,,,0,0,20180111,0,0,0,,N,,6000000,N,,,,,,,,,,,0,,,,0,,,,,WF,CIII,20180213,20180312,N,,,,,,,0,CGCMT16C2,,,,,,
WFCM16LC24,,28000920,48,20180316,6821988.85,6809856.94,20180306,,0.0405,20260806,0.0001265,,,,,0.000005,0.0403685,,,,,21489.26,12131.91,33621.17,,0,,,,,,0,,0,6809856.94,0,0,0,0,N,,,,,,,,,,,2319514,1403998,915516,403454,2.2691,1,20171231,,,,,,,,,,,,,,,,20160601,17000000,,,,,,,YN,,20160929,20160929,1,,,,CREFC,,892415,2.2119,,,,,N,,,,,0,2.22,,0,0,0,,N,,5930000,S1,,,,,,,,,,,0,,,,0,,,,,WF,M,20180213,20180312,N,,,,,,,0,WFCM16LC24,,,,,,
WFCM16LC24,,300571582,52,20180316,6240273.34,6230042.24,20180306,,0.0472,20260906,0.0001265,,,,,0.000005,0.0470685,,,,,22908.74,10231.1,33139.84,,0,,,,,,0,,0,6230042.24,0,0,0,0,N,,,,,,,,,,,2002206.93,1330341.18,671865.75,397678.7,1.6894,0.77,20161231,,,,,,,,1484812,1039587,445225,298259,1.4927,0.77,20170101,20170930,20160630,8750000,,,,,,,YN,,20160929,20160929,1,,,,CREFC,,528600.75,1.3292,,,337777,1.1324,N,,,,,0,221689.33,,0,0,0,,N,,5750000,S1,,,,,,,,,,,0,,,,0,,,,,WF,M,20180213,20180312,N,,,,,,,0,WFCM16LC24,,,,,,
WFCM16LC24,,306490053,53,20180316,6109779.15,6099698.93,20180306,,0.047,20260806,0.0001265,,,,,0.000005,0.0468685,,,,,22334.64,10080.22,32414.86,,0,,,,,,0,,0,6099698.93,0,0,0,0,N,,,,,,,,,,,799506,245635.3,553870.7,388978.2,1.4239,0.99,20161231,,,,,,,,615395,197927,417468,291733,1.4309,0.96,20170101,20170930,20160622,8560000,,,,,,,YN,,20160929,20160929,1,,,,CREFC,,532712.28,1.3695,,,401599,1.3765,N,,,,,0,32656.43,,0,0,0,,N,,5600000,S2,,,,,,,,,,,0,,,,0,,,,,WF,M,20180213,20180312,N,,,,,,,0,WFCM16LC24,,,,,,
WFCM16LC24,,600935608,55,20180316,6020000,6020000,20180311,,0.0438,20260811,0.0006015,,,,,0.000005,0.0431935,,,,20190911,20508.13,0,20508.13,,0,,,,,,0,,0,6020000,0,0,0,0,N,,,,,,,,,,,1423160,729058,694102,267338,2.5963,0.91,20171231,,,,,,,,,,,,,,,,20160606,8700000,,,,,,,YN,,20160929,20160929,1,,,,CREFC,,594113,2.2223,,,,,N,,,,,0,156601.86,,0,0,0,,N,,5450000,N,,,,,,,,,,,0,,,,0,,,,,WF,M,20180213,20180312,N,,,,,,,0,WFCM16LC24,,,,,,
WFCM16LC24,,28000935,56,20180316,6000000,6000000,20180306,,0.0451,20260906,0.0001265,,,,,0.000005,0.0449685,,,,20181006,21046.67,0,21046.67,,0,,,,,,0,,0,6000000,0,0,0,0,N,,,,,,,,,,,1065973,580267,485706,275110,1.7654,0.86,20161231,,,,,,,,821873,453837,368036,205957,1.7869,0.86,20170101,20170930,20160718,8100000,,,,,,,YN,,20160929,20160929,1,,,,CREFC,,433979,1.5774,,,329242,1.5985,N,,,,,0,20899.62,,0,0,0,,N,,5400000,S1,,,,,,,,,,,0,,,,0,,,,,WF,M,20180213,20180312,N,,,,,,,0,WFCM16LC24,,,,,,
WFCM16LC24,,28000904,54,20180316,5862206.37,5850119.92,20180306,,0.05488,20260606,0.0001265,,,,,0.000005,0.0547485,,,,,25022.5,12086.45,37108.95,,0,,,,,,0,,0,5850119.92,0,0,0,0,N,,,,,,,,,,,2052154,1391402,660752,445307,1.4838,0.66,20161231,,,,,,,,1365145,915958,449187,333980,1.3449,0.69,20170101,20170930,20160426,9800000,,,,,,,YN,,20160929,20160929,1,,,,CREFC,,578666,1.2994,,,394581,1.1814,N,,,,,0,158618.95,20180111,0,0,0,,N,,5600000,S1,,,,,,,,,,,0,,,,0,,,,,WF,M,20180213,20180312,N,,,,,,,0,WFCM16LC24,,,,,,
WFCM16LC24,,310936147,6A,20180316,5474000,5474000,20180301,,0.03744,20260701,0.0001105,,,,,0.000005,0.0373245,,,,,15940.29,0,15940.29,,0,,,,,,0,,0,5474000,0,0,0,0,N,,,,,,,,,,,,,,,,,,,,,,,,,,,,,,,,,,,,,,,,,,,20160929,20160929,,,,,CREFC,,,,,,,,N,,,,,0,,,0,0,0,,N,,25750000,N,,,,,,,,,,,0,,,,0,,,,,WF,AUR,20180213,20180312,N,,,,,,,0,SHOPS 2016-CSTL,,,,,,
WFCM16LC24,,300571566,57,20180316,5183419.9,5174964.07,20180306,,0.048,20260806,0.0001265,,,,,0.000005,0.0478685,,,,,19351.43,8455.83,27807.26,,0,,,,,,0,,0,5174964.07,0,0,0,0,N,,,,,,,,,,,821315,294647,526668,333687,1.5783,0.88,20161231,,,,,,,,558077,223592,334485,250265,1.3365,0.85,20170101,20170926,20160627,7600000,,,,,,,YN,,20160929,20160929,1,,,,CREFC,,482936,1.4472,,,301686,1.2054,N,,,,,0,152420.87,,0,0,0,,N,,5000000,S2,,,,,,,,,,,0,,,,0,,,,,WF,M,20180213,20180312,N,,,,,,,0,WFCM16LC24,,,,,,
WFCM16LC24,,410935115,58,20180316,5066511.8,5057448.68,20180311,,0.04,20260811,0.0001265,,,,,0.000005,0.0398685,,,,,15762.48,9063.12,24825.6,,0,,,,,,0,,0,5057448.68,0,0,0,0,N,,,,,,,,,,,,,,,,,,,,,,,,,788579,392426,396153,223430,1.773,0.94,20170101,20170930,20160518,13960000,,,,,,,YN,,20160929,20160929,1,,,,CREFC,,,,,,369889,1.6555,N,,,,,0,67046.62,,0,0,0,,N,,5000000,S2,,,,,,,,,,,0,,,,0,,,,,WF,M,20180213,20180312,N,,,,,,,0,WFCM16LC24,,,,,,
WFCM16LC24,,300571567,59,20180316,5035592.25,5027331.13,20180306,,0.0475,20260806,0.0001265,,,,,0.000005,0.0473685,,,,,18603.72,8261.12,26864.84,,0,,,,,,0,,0,5027331.13,0,0,0,0,N,,,,,,,,,,,828022,267477,560545,322378,1.7387,1,20171231,733371,181368,552003,322378,1.7122,1,20161231,,,,,,,,,20160519,7400000,,,,,,,YN,,20160929,20160929,1,,,,CREFC,,548667,1.7019,540125,1.6754,,,N,,,,,0,18222.85,,0,0,0,,N,,5000000,S2,,,,,,,,,,,0,,,,0,,,,,WF,M,20180213,20180312,N,,,,,,,0,WFCM16LC24,,,,,,
WFCM16LC24,,300571565,62,20180316,4725000,4725000,20180306,,0.0493,20260806,0.0001265,,,,,0.000005,0.0491685,,,,20180906,18117.75,0,18117.75,,0,,,,,,0,,0,4725000,0,0,0,0,N,,,,,,,,,,,781194,274382,506812,236178,2.1458,0.93,20171231,,,,,,,,,,,,,,,,20160624,6450000,,,,,,,,,20160929,20160929,1,,,,CREFC,,485009,2.0535,,,,,N,,,,,0,204638.19,,0,0,0,,N,,4900000,S2,,,,,,,,,,,0,,,,0,,,,,WF,M,20180213,20180312,N,,,,,,,0,WFCM16LC24,,,,,,
WFCM16LC24,,410935008,61,20180316,4688012.85,4680100,20180311,,0.045,20260811,0.0001265,,,,,0.000005,0.0448685,,,,,16408.04,7912.85,24320.89,,0,,,,,,0,,0,4680100,0,0,0,0,N,,,,,,,,,,,701120,162308,538812,291851,1.8461,1,20171231,691614.74,168665.02,522949.72,291851.83,1.7918,1,20161231,,,,,,,,,20160519,7150000,,,,,,,,,20160929,20160929,1,,,,CREFC,,495236,1.6968,479373.31,1.6425,,,N,,,,,0,79739,,0,0,0,,N,,4900000,S2,,,,,,,,,,,0,,,,0,,,,,WF,M,20180213,20180312,N,,,,,,,0,WFCM16LC24,,,,,,
WFCM16LC24,,600934670,63,20180316,4442744.32,4432430.35,20180311,,0.0416,20260811,0.0008015,,,,,0.000005,0.0407935,,,,,14374.75,10313.97,24688.72,,0,,,,,,0,,0,4432430.35,0,0,0,0,N,,,,,,,,,,,772980,358102,414878,296265,1.4003,0.89,20161231,,,,,,,,386164,117790,268374,148132,1.8117,0.89,20170101,20170630,20160513,8320000,,,,,,,YN,,20160929,20160929,1,,,,CREFC,,365729,1.2344,,,243800,1.6458,X,,,,,0,43915.53,,0,0,0,,N,,4800000,S2,,,,,,,,,,,0,,,,0,,,,,WF,M,20180213,20180312,N,,,,,,,0,WFCM16LC24,,,,,,
WFCM16LC24,,28000895,64,20180316,4397180.01,4388188.83,20180306,,0.05576,20260606,0.0001265,,,,,0.000005,0.0556285,,,,,19070.08,8991.18,28061.26,,0,,,,,,0,,0,4388188.83,0,0,0,0,N,,,,,,,,,,,1718950,1101830,617120,336735,1.8326,0.79,20161231,,,,,,,,1768778,1167504,601274,336735,1.7855,0.8,20161001,20170930,20151211,6366000,,,,,,,TN,,20160929,20160929,1,,,,CREFC,,552813,1.6416,,,536967,1.5946,N,,,,,0,135440.5,,0,0,0,,N,,4600000,S2,,,,,,,,,,,0,,,,0,,,,,WF,M,20180213,20180312,N,,,,,,,0,WFCM16LC24,,,,,,
WFCM16LC24,,28000902,66,20180316,4169966.74,4161499.1,20180306,,0.0565,20260606,0.0001265,,,,,0.000005,0.0563685,,,,,18324.69,8467.64,26792.33,,0,,,,,,0,,0,4161499.09,0,0,0,0,N,,,,,,,,,,,2237195,1363595,873600,321508,2.7171,0.69,20161231,,,,,,,,1743121,1138546,604575,241131,2.5072,0.68,20170101,20170930,20150407,6600000,,,,,,,YN,,20160929,20160929,1,,,,CREFC,,798585,2.4838,,,548314,2.2739,N,,,,,0,61277.18,,0,0,0,,N,,4350000,S1,,,,,,,,,,,0,,,,0,,,,,WF,M,20180213,20180312,N,,,,,,,0,WFCM16LC24,,,,,,
WFCM16LC24,,410935702,69,20180316,4029250.04,4022059.33,20180311,,0.0402,20260811,0.0001265,,,,,0.000005,0.0400685,,,,,12598.12,7190.71,19788.83,,0,,,,,,0,,0,4022059.34,0,0,0,0,N,,,,,,,,,,,1016624,383934,632690,237466,2.6643,0.89,20171231,961349,320274,641075,237466,2.6996,0.9,20161231,,,,,,,,,20160623,9600000,,,,,,,,,20160929,20160929,1,,,,CREFC,,622302,2.6205,630687,2.6559,,,N,,,,,0,,,0,0,0,,N,,4050000,N,,,,,,,,,,,0,,,,0,,,,,WF,M,20180213,20180312,N,,,,,,,0,WFCM16LC24,,,,,,
WFCM16LC24,,410933922,71,20180316,3842298.92,3835776.21,20180311,,0.0445,20260811,0.0001265,,,,,0.000005,0.0443685,,,,,13298.62,6522.71,19821.33,,0,,,,,,0,,0,3835776.21,0,0,0,0,N,,,,,,,,,,,495220,145777,349443,237856,1.4691,1,20171231,482201,158989,323212,237856,1.3588,0.86,20161231,,,,,,,,,20160703,5160000,,,,,,,,,20160929,20160929,1,,,,CREFC,,326272,1.3717,300041,1.2614,,,N,,,,,0,23669.27,,0,0,0,,N,,3875000,S2,,,,,,,,,,,0,,,,0,,,,,WF,M,20180213,20180312,N,,,,,,,0,WFCM16LC24,,,,,,
WFCM16LC24,,28001000,73,20180316,3780000,3780000,20180306,,0.0456,20300106,0.0001265,,,,,0.000005,0.0454685,,,,,13406.4,0,13406.4,,0,,,,,,0,,0,3780000,0,0,0,0,N,,,,,,,,,,,336418,10093,326325,175241,1.8621,1,20161231,,,,,,,,,,,,,,,,20150207,5400000,,,,,,20260906,,,20160929,20160929,1,,,,CREFC,,324102,1.8494,,,,,N,,,,,0,,,0,0,0,,N,,3500000,H,,,,,,,,,,,0,,,,0,,,,,WF,M,20180213,20180312,N,,,,,,,0,WFCM16LC24,,,,,,
WFCM16LC24,,600936085,72,20180316,3755119.13,3748773.63,20180311,,0.0449,20260811,0.0009015,,,,,0.000005,0.0439935,,,,,13113.71,6345.5,19459.21,,0,,,,,,0,,0,3748773.63,0,0,0,0,N,,,,,,,,,,,1435648,378436,1057212,233511,4.5274,0.91,20161231,,,,,,,,260308,103309,156999,116755,1.3446,1,20170101,20170630,20160707,5500000,,,,,,,YN,,20160929,20160929,1,,,,CREFC,,1020651,4.3708,,,138729,1.1882,N,,,,,0,92370,,0,0,0,,N,,3664000,N,,,,,,,,,,,0,,,,0,,,,,WF,M,20180213,20180312,N,,,,,,,0,WFCM16LC24,,,,,,
WFCM16LC24,,410936068,75,20180316,3675000,3675000,20180311,,0.0412,20260811,0.0001265,,,,,0.000005,0.0410685,,,,20190911,11776.33,0,11776.33,,0,,,,,,0,,0,3675000,0,0,0,0,N,,,,,,,,,,,412989,0,412989,153933,2.6829,1,20161231,,,,,,,,103248,0,103248,37852,2.7276,1,20170101,20170331,20160629,7500000,,,,,,,YN,,20160929,20160929,2,,,,CREFC,,409870,2.6626,,,102469,2.707,X,,,,,0,,,0,0,0,,N,,3400000,S2,,,,,,,,,,,0,,,,0,,,,,WF,M,20180213,20180312,N,,,,,,,0,WFCM16LC24,,,,,,
WFCM16LC24,,300571557,76,20180316,3660000,3660000,20180306,,0.046,20260806,0.0001265,,,,,0.000005,0.0458685,,,,20190906,13094.67,0,13094.67,,0,,,,,,0,,0,3660000,0,0,0,0,N,,,,,,,,,,,547473,159812,387661,170698,2.271,0.96,20171231,,,,,,,,,,,,,,,,20160525,5360000,,,,,,,TN,,20160929,20160929,1,,,,CREFC,,381926,2.2374,,,,,N,,,,,0,1433.76,,0,0,0,,N,,3300000,S2,,,,,,,,,,,0,,,,0,,,,,WF,M,20180213,20180312,N,,,,,,,0,WFCM16LC24,,,,,,
WFCM16LC24,,300571572,77,20180316,3575919.08,3570339.14,20180306,,0.052,20260806,0.0001265,,,,,0.000005,0.0518685,,,,,14462.61,5579.94,20042.55,,0,,,,,,0,,0,3570339.12,0,0,0,0,N,,,,,,,,,,,377512,46989,330523,240511,1.3742,1,20171231,372618,47403,325215,240510,1.3521,1,20161231,,,,,,,,,20160708,5300000,,,,,,,,,20160929,20160929,1,,,,CREFC,,316923,1.3177,311615,1.2956,,,N,,,,,0,21533.27,,0,0,0,,N,,3280000,S2,,,,,,,,,,,0,,,,0,,,,,WF,M,20180213,20180312,N,,,,,,,0,WFCM16LC24,,,,,,
WFCM16LC24,,410931318,81,20180316,2905591.22,2900686.9,20180311,,0.045,20260811,0.0001265,,,,,0.000005,0.0448685,,,,,10169.57,4904.32,15073.89,,0,,,,,,0,,0,2900686.9,0,0,0,0,N,,,,,,,,,,,389274,132253,257021,180887,1.4208,1,20171231,363143,105465,257678,180887,1.4245,1,20161231,,,,,,,,,20151016,8100000,,,,,,,,,20160929,20160929,1,,,,CREFC,,243203,1.3445,243860,1.3481,,,X,,,,,0,76458.87,20171211,0,0,0,,N,,2700000,S2,,,,,,,,,,,0,,,,0,,,,,WF,M,20180213,20180312,N,,,,,,,0,WFCM16LC24,,,,,,
WFCM16LC24,,28000831,83,20180316,2273790.37,2269942.23,20180306,,0.04779,20251206,0.0001265,,,,,0.000005,0.0476585,,,,,8451.68,3848.14,12299.82,,0,,,,,,0,,0,2269942.26,0,0,0,0,N,,,,,,,,,,,442917,411667,31250,147598,0.2117,0.56,20171231,598764,363022,235742,147597,1.5972,0.83,20161231,,,,,,,,,20151028,3600000,,,,,,,,,20160929,20160929,1,,,,CREFC,,-14558,-0.0986,189934,1.2868,,,N,,,,,0,95507.89,20170811,0,0,0,,N,,2500000,S2,,,,,,,,,,,0,,,,0,,,,,WF,M,20180213,20180312,N,,,,,,,0,WFCM16LC24,,,,,,
WFCM16LC24,,300571580,84,20180316,1850000,1850000,20180301,,0.048,20260901,0.0001265,,,,,0.000005,0.0478685,,,,20191001,6906.67,0,6906.67,,0,,,,,,0,,0,1850000,0,0,0,0,N,,,,,,,,,,,419091,168147,250944,90280,2.7796,0.82,20161231,,,,,,,,318006,98958,219048,67587,3.2409,0.84,20170101,20170930,20160606,2880000,,,,,,,YN,,20160929,20160929,1,,,,CREFC,,245044,2.7142,,,214623,3.1755,N,,,,,0,38107.56,,0,0,0,,N,,2420000,S1,,,,,,,,,,,0,,,,0,,,,,WF,M,20180213,20180312,N,,,,,,,0,WFCM16LC24,,,,,,
WFCM16LC24,,28000873,79,20180316,1534000,1534000,20180306,,0.0525,20260406,0.0001265,,,,,0.000005,0.0523685,,,,,6263.83,0,6263.83,,0,,,,,,0,,0,1534000,0,0,0,0,N,,,,,,,,,,,159092,7227,151865,81877,1.8547,1,20161231,,,,,,,,119322,3579,115743,61296,1.8882,1,20170101,20170930,,2360000,,,,,,,YN,,20160929,20160929,2,,,,CREFC,,149135,1.8214,,,113697,1.8548,N,,,,,0,,,0,0,0,,N,,3056250,H,,,,,,,,,,,0,,,,0,,,,,WF,M,20180213,20180312,N,,,,,,,0,WFCM16LC24,,,,,,
WFCM16LC24,,28000809,78,20180316,1534000,1534000,20180306,,0.0489,20260406,0.0001265,,,,,0.000005,0.0487685,,,,,5834.31,0,5834.31,,0,,,,,,0,,0,1534000,0,0,0,0,N,,,,,,,,,,,,,,,,,,,,,,,,,119394,3582,115812,57093,2.0284,1,20170101,20170930,,2360000,,,,,,,YN,,20160929,20160929,2,,,,CREFC,,,,,,113776,1.9928,N,,,,,0,,,0,0,0,,N,,3225000,H,,,,,,,,,,,0,,,,0,,,,,WF,M,20180213,20180312,N,,,,,,,0,WFCM16LC24,,,,,,
WFCM16LC24,,28000851,87,20180316,1120000,1120000,20180306,,0.0539,20310206,0.0001265,,,,,0.000005,0.0537685,,,,,4695.29,0,4695.29,,0,,,,,,0,,0,1120000,0,0,0,0,N,,,,,,,,,,,103839,3115,100724,61374,1.6411,1,20161231,,,,,,,,77879,2336,75543,45947,1.6441,1,20170101,20170930,20151012,1600000,,,,,,20260206,YN,,20160929,20160929,1,,,,CREFC,,99470,1.6207,,,74603,1.6236,N,,,,,0,,,0,0,0,,N,,2250000,H,,,,,,,,,,,0,,,,0,,,,,WF,M,20180213,20180312,N,,,,,,,0,WFCM16LC24,,,,,,
WFCM16LC24,,28000849,88,20180316,1071000,1071000,20180306,,0.0537,20310206,0.0001265,,,,,0.000005,0.0535685,,,,,4473.21,0,4473.21,,0,,,,,,0,,0,1071000,0,0,0,0,N,,,,,,,,,,,99448,2983,96465,58471,1.6497,1,20161231,,,,,,,,74586,2237,72349,43774,1.6527,1,20170101,20170930,20151105,1530000,,,,,,20260206,YN,,20160929,20160929,1,,,,CREFC,,95196,1.628,,,71398,1.631,N,,,,,0,,,0,0,0,,N,,2159000,H,,,,,,,,,,,0,,,,0,,,,,WF,M,20180213,20180312,N,,,,,,,0,WFCM16LC24,,,,,,
WFCM16LC24,,28000841,90,20180316,825500,825500,20180306,,0.0544,20310206,0.0001265,,,,,0.000005,0.0542685,,,,,3492.78,0,3492.78,,0,,,,,,0,,0,825500,0,0,0,0,N,,,,,,,,,,,85500,2565,82935,45656,1.8165,1,20161231,,,,,,,,64125,1924,62201,34179,1.8198,1,20170101,20170930,20151120,1270000,,,,,,20260206,YN,,20160929,20160929,1,,,,CREFC,,81581,1.7868,,,61186,1.7901,N,,,,,0,,,0,0,0,,N,,2125000,H,,,,,,,,,,,0,,,,0,,,,,WF,M,20180213,20180312,N,,,,,,,0,WFCM16LC24,,,,,,
WFCM16LC24,,28001001,91,20180316,620750,620750,20180306,,0.0484,20310906,0.0001265,,,,,0.000005,0.0482685,,,,,2336.78,0,2336.78,,0,,,,,,0,,0,620750,0,0,0,0,N,,,,,,,,,,,,,,,,,,,,,,,,,,,,,,,,,20150315,955000,,,,,,20260906,,,20160929,20160929,1,,,,CREFC,,,,,,,,N,,,,,0,,20180111,0,0,0,,N,,2100000,H,,,,,,,,,,,0,,,,0,,,,,WF,M,20180213,20180312,N,,,,,,,0,WFCM16LC24,,,,,,
WFCM 2016 LC24,1,470100950,23,20180316,13594892.84,13568615.2,20180301,0,0.0335,20260801,0.0008765,0,0,0,0,0.000005,0.0326185,0,0,,,35422.25,26277.64,61699.89,0,0,0,,,0,,0,,0,13568615.2,0,0,0,0,N,,,,0,0,0,,,0,0,0,0,0,0,0,0,,0,0,0,0,0,0,,3706547,2550690,1155857,901474,1.28,0.95,20160101,20161231,20160722,163400000,,,,,,,YN,20160929,20160929,20160929,1,F,F,F,CMSA,,0,0,0,0,1155857,1.28,N,0,,,0,0,0,,0,,0,0,,,14000000,N,0,0,0,0,0,0,,0,0,0,0,0,0,,0,0,,,0,NCB,NCB,20180213,20180312,N,N,,,,,0,0,,0,0,0,0,,0
WFCM 2016 LC24,1,470100990,49,20180316,6424073.56,6411911.23,20180301,0,0.0349,20260901,0.0008765,0,0,0,0,0.000005,0.0340185,0,0,,,17437.79,12162.33,29600.12,0,0,0,,,0,,0,,0,6411911.23,0,0,0,0,N,,,,0,0,0,,,0,0,0,0,0,0,0,0,,0,0,0,0,0,0,,1305603,901182,404421,355201,1.14,0.95,20151001,20160930,20160729,22800000,,,,,,,YN,20160929,20160929,20160929,1,F,F,F,CMSA,,0,0,0,0,404421,1.14,N,0,,,0,0,87698,20170930,0,,0,0,,,6600000,N,0,0,0,0,0,0,,0,0,0,0,0,0,,0,0,,,0,NCB,NCB,20180213,20180312,N,N,,,,,0,0,,0,0,0,0,,0
WFCM 2016 LC24,1,470100410,50,20180316,6332032.13,6320285.78,20180301,0,0.0366,20260901,0.0008765,0,0,0,0,0.000005,0.0357185,0,0,,,18025.18,11746.35,29771.53,0,0,0,,,0,,0,,0,6320285.78,0,0,0,0,N,,,,0,0,0,,,0,0,0,0,0,0,0,0,,0,0,0,0,0,0,,2201560,1643846,557714,357258,1.56,0.95,20160101,20161231,20160610,54100000,,,,,,,YN,20160929,20160929,20160929,1,F,F,F,CMSA,,0,0,0,0,557714,1.56,N,0,,,0,0,0,,0,,0,0,,,6500000,N,0,0,0,0,0,0,,0,0,0,0,0,0,,0,0,,,0,NCB,NCB,20180213,20180312,N,N,,,,,0,0,,0,0,0,0,,0
WFCM 2016 LC24,1,470100910,51,20180316,6321917.87,6310130.22,20180301,0,0.0365,20260801,0.0008765,0,0,0,0,0.000005,0.0356185,0,0,,,17947.22,11787.65,29734.87,0,0,0,,,0,,0,,0,6310130.22,0,0,0,0,N,,,,0,0,0,,,0,0,0,0,0,0,0,0,,0,0,0,0,0,0,,1190050,683114,506936,356818,1.42,0.95,20160101,20161231,20160711,23800000,,,,,,,YN,20160929,20160929,20160929,1,F,F,F,CMSA,,0,0,0,0,506936,1.42,N,0,,,0,0,0,,0,,0,0,,,6500000,N,0,0,0,0,0,0,,0,0,0,0,0,0,,0,0,,,0,NCB,NCB,20180213,20180312,N,N,,,,,0,0,,0,0,0,0,,0
WFCM 2016 LC24,1,470100610,60,20180316,4917878.29,4911961.67,20180301,0,0.0358,20260801,0.0008765,0,0,0,0,0.000005,0.0349185,0,0,,,13693.56,5916.62,19610.18,0,0,0,,,0,,0,,0,4911961.67,0,0,0,0,N,,,,0,0,0,,,0,0,0,0,0,0,0,0,,0,0,0,0,0,0,,1168521,871680,296841,235322,1.26,0.95,20160701,20170630,20160624,21200000,,,,,,,YN,20160929,20160929,20160929,1,F,F,F,CMSA,,0,0,0,0,296841,1.26,N,0,,,0,0,0,,0,,0,0,,,5000000,N,0,0,0,0,0,0,,0,0,0,0,0,0,,0,0,,,0,NCB,NCB,20180213,20180312,N,N,,,,,0,0,,0,0,0,0,,0
WFCM 2016 LC24,1,470101030,65,20180316,4329789.57,4324516.41,20180301,0,0.0348,20260901,0.0008765,0,0,0,0,0.000005,0.0339185,0,0,,,11719.3,5273.16,16992.46,0,0,0,,,0,,0,,0,4324516.41,0,0,0,0,N,,,,0,0,0,,,0,0,0,0,0,0,0,0,,0,0,0,0,0,0,,3300988,2742766,558222,203910,2.74,0.95,20160401,20170331,20160817,70860000,,,,,,,YN,20160929,20160929,20160929,1,F,F,F,CMSA,,0,0,0,0,558222,2.74,N,0,,,0,0,0,,0,,0,0,,,4400000,N,0,0,0,0,0,0,,0,0,0,0,0,0,,0,0,,,0,NCB,NCB,20180213,20180312,N,N,,,,,0,0,,0,0,0,0,,0
WFCM 2016 LC24,1,479067300,67,20180316,4195630.74,4189462.69,20180301,0,0.0509,20260101,0.0008765,0,0,0,0,0.000005,0.0500185,0,0,,,16610.04,6168.05,22778.09,0,0,0,,,0,,0,,0,4189462.69,0,0,0,0,N,,,,0,0,0,,,0,0,633847,181899,451948,198934,2.27,0.9,20161231,0,0,0,0,0,0,,854790,201957,652833,216749,3.01,1,20170101,20171231,20151120,6300000,,,,,,,YN,20160929,20160929,20160929,1,F,F,F,CMSA,,405695,2.04,0,0,629589,2.9,N,0,,,0,0,85573.05,,0,,0,0,,,4200000,N,0,0,0,0,0,0,,0,0,0,0,0,0,,0,0,,,0,NCB,M,20180213,20180312,N,N,,,,,0,0,,0,0,0,0,,0
WFCM 2016 LC24,1,470100430,68,20180316,4129534.58,4124505.67,20180301,0,0.035,20260801,0.0008765,0,0,0,0,0.000005,0.0341185,0,0,,,11241.51,5028.91,16270.42,0,0,0,,,0,,0,,0,4124505.67,0,0,0,0,N,,,,0,0,0,,,0,0,0,0,0,0,0,0,,0,0,0,0,0,0,,1197042,917281,279761,195245,1.43,0.95,20160101,20161231,20160607,25150000,,,,,,,YN,20160929,20160929,20160929,1,F,F,F,CMSA,,0,0,0,0,279761,1.43,N,0,,,0,0,0,,0,,0,0,,,4200000,N,0,0,0,0,0,0,,0,0,0,0,0,0,,0,0,,,0,NCB,NCB,20180213,20180312,N,N,,,,,0,0,,0,0,0,0,,0
WFCM 2016 LC24,1,470101130,70,20180316,3748350.29,3732325.39,20180301,0,0.033,20260901,0.0008765,0,0,0,0,0.000005,0.0321185,0,0,,,9620.77,16024.9,25645.67,0,0,0,,,0,,0,,0,3732325.39,0,0,0,0,N,,,,0,0,0,,,0,0,0,0,0,0,0,0,,0,0,0,0,0,0,,1048724,641066,407658,307748,1.32,0.95,20160101,20161231,20160818,24700000,,,,,,,YN,20160929,20160929,20160929,1,F,F,F,CMSA,,0,0,0,0,407658,1.32,N,0,,,0,0,0,,0,,0,0,,,4000000,N,0,0,0,0,0,0,,0,0,0,0,0,0,,0,0,,,0,NCB,NCB,20180213,20180312,N,N,,,,,0,0,,0,0,0,0,,0
WFCM 2016 LC24,1,470100850,74,20180316,3700000,3700000,20180301,0,0.035,20260801,0.0008765,0,0,0,0,0.000005,0.0341185,0,0,,,10072.22,0,10072.22,0,0,0,,,0,,0,,0,3700000,0,0,0,0,N,,,,0,0,0,,,0,0,0,0,0,0,0,0,,0,0,0,0,0,0,,759197,605582,153615,129500,1.19,0.95,20160101,20161231,20160722,20150000,,,,,,,YN,20160929,20160929,20160929,1,F,F,F,CMSA,,0,0,0,0,153615,1.19,N,0,,,0,0,0,,0,,0,0,,,3700000,N,0,0,0,0,0,0,,0,0,0,0,0,0,,0,0,,,0,NCB,NCB,20180213,20180312,N,N,,,,,0,0,,0,0,0,0,,0
WFCM 2016 LC24,1,470099910,80,20180316,2951623.62,2948006.83,20180301,0,0.0344,20260901,0.0008765,0,0,0,0,0.000005,0.0335185,0,0,,,7897.23,3616.79,11514.02,0,0,0,,,0,,0,,0,2948006.83,0,0,0,0,N,,,,0,0,0,,,0,0,0,0,0,0,0,0,,0,0,0,0,0,0,,835614,693507,142107,138168,1.03,0.95,20160401,20170331,20160725,19700000,,,,,,,YN,20160929,20160929,20160929,1,F,F,F,CMSA,,0,0,0,0,142107,1.03,N,0,,,0,0,0,,0,,0,0,,,3000000,N,0,0,0,0,0,0,,0,0,0,0,0,0,,0,0,,,0,NCB,NCB,20180213,20180312,N,N,,,,,0,0,,0,0,0,0,,0
WFCM 2016 LC24,1,470100510,82,20180316,2755789.13,2752453.31,20180301,0,0.0352,20260901,0.0008765,0,0,0,0,0.000005,0.0343185,0,0,,,7544.74,3335.82,10880.56,0,0,0,,,0,,0,,0,2752453.31,0,0,0,0,N,,,,0,0,0,,,0,0,0,0,0,0,0,0,,0,0,0,0,0,0,,937658,767015,170643,130567,1.31,0.95,20160101,20161231,20160608,18700000,,,,,,,YN,20160929,20160929,20160929,1,F,F,F,CMSA,,0,0,0,0,170643,1.31,N,0,,,0,0,0,,0,,0,0,,,2800000,N,0,0,0,0,0,0,,0,0,0,0,0,0,,0,0,,,0,NCB,NCB,20180213,20180312,N,N,,,,,0,0,,0,0,0,0,,0
WFCM 2016 LC24,1,470100180,85,20180316,1460953.02,1458229.86,20180301,0,0.0362,20260901,0.0008765,0,0,0,0,0.000005,0.0353185,0,0,,,4113.39,2723.16,6836.55,0,0,0,,,0,,0,,0,1458229.86,0,0,0,0,N,,,,0,0,0,,,0,0,0,0,0,0,0,0,,0,0,0,0,0,0,,300560,194097,106463,82039,1.3,0.95,20160101,20161231,20160601,15240000,,,,,,,YN,20160929,20160929,20160929,1,F,F,F,CMSA,,0,0,0,0,106463,1.3,N,0,,,0,0,0,,0,,0,0,,,1500000,N,0,0,0,0,0,0,,0,0,0,0,0,0,,0,0,,,0,NCB,NCB,20180213,20180312,N,N,,,,,0,0,,0,0,0,0,,0
WFCM 2016 LC24,1,470100470,86,20180316,1476079.81,1474333.14,20180301,0,0.0369,20260801,0.0008765,0,0,0,0,0.000005,0.0360185,0,0,,,4236.35,1746.67,5983.02,0,0,0,,,0,,0,,0,1474333.14,0,0,0,0,N,,,,0,0,0,,,0,0,0,0,0,0,0,0,,0,0,0,0,0,0,,507388,421776,85612,71796,1.19,0.95,20160101,20161231,20160628,7700000,,,,,,,YN,20160929,20160929,20160929,1,F,F,F,CMSA,,0,0,0,0,85612,1.19,N,0,,,0,0,0,,0,,0,0,,,1500000,N,0,0,0,0,0,0,,0,0,0,0,0,0,,0,0,,,0,NCB,NCB,20180213,20180312,N,N,,,,,0,0,,0,0,0,0,,0
WFCM 2016 LC24,1,470100700,89,20180316,786690.48,780032.32,20180301,0,0.0398,20260801,0.0008765,0,0,0,0,0.000005,0.0389185,0,0,,,2435.24,6658.16,9093.4,0,0,0,,,0,,0,,0,780032.32,0,0,0,0,N,,,,0,0,0,,,0,0,0,0,0,0,0,0,,0,0,0,0,0,0,,2020038,594117,1425921,109098.78,13.07,0.95,20160629,20160629,20160726,32500000,,,,,,,,20160929,20160929,20160929,1,F,F,F,CMSA,,0,0,0,0,1397121,12.8,N,0,,,0,0,0,20161231,0,,0,0,,,899000,N,0,0,0,0,0,0,,0,0,0,0,0,0,,0,0,,,0,NCB,NCB,20180213,20180312,N,N,,,,,0,0,,0,0,0,0,,0
