WFCM16C34,,305950001,1,20180316,70000000,70000000,20180205,,0.05213,20210505,0.000178,,,,,0.000005,0.051947,,,,,283818.89,0,283818.89,,0,,,,,,0,,0,70000000,283546.67,10182.56,0,B,N,,,,,,,,,,,12501561,4267545,8234016,4307601,1.9115,0.89,20171231,11870163,4148052,7722111,4319403,1.7877,0.92,20161231,,,,,,,,,20150929,131000000,,,,,,,,,20160524,20160524,13,,,,CREFC,,7811609,1.8134,7299704,1.6899,,,N,,,,,109.87,1097845.36,20171211,0,0,0,,N,,81500000,H,,,,,,,,,,,0,,,,0,,,,,WF,LNR,20180213,20180312,N,,,,,,,0,WFCM16C34,,,,,
WFCM16C34,,305950002,2,20180316,58750000,58750000,20180305,,0.04369,20260205,0.000178,,,,,0.000005,0.043507,,,,,199639.03,0,199639.03,,0,,,,,,0,,0,58750000,0,0,0,0,N,,,,,,,,,,,8114327,2146230,5968097,2609567,2.287,0.97,20161231,,,,,,,,5318843,1643216,3675627,1953610,1.8814,0.84,20170101,20170930,20160101,91100000,,,,,,,YN,,20160524,20160524,2,,,,CREFC,,5813679,2.2278,,,3559817,1.8221,N,,,,,0,31587.04,,0,0,0,,N,,63250000,SH,,,,,,,,,,,0,,,,0,,,,,WF,LNR,20180213,20180312,N,,,,,,,0,WFCM16C34,,,,,
WFCM16C34,,600931870,3,20180316,43599348.56,43525952.88,20180311,,0.0479,20260111,0.000353,,,,,0.000005,0.047542,,,,,162431.8,73395.68,235827.48,,0,,,,,,0,,0,43525952.88,0,0,0,0,N,,,,,,,,,,,22781450,15835494,6945956,2829930,2.4544,0.8,20161231,,,,,,,,15406473,10190545,5215928,2122447,2.4575,0.81,20170101,20170930,20161103,76500000,,,,,,,TN,,20160524,20160524,1,,,,CREFC,,6126912,2.165,,,4601645,2.168,N,,,,,0,644575,,0,0,0,,N,,45000000,S2,,,,,,,,,,,0,,,,0,,,,,WF,LNR,20180213,20180312,N,,,,,,,0,WFCM16C34,,,,,
WFCM16C34,,300571517,4,20180316,30000000,30000000,20180306,,0.0497,20260406,0.000453,,,,,0.000005,0.049242,,,,,115966.67,0,115966.67,,0,,,,,,0,,0,30000000,0,0,0,0,N,,,,,,,,,,,3521220,740289,2780931,1925963,1.4439,0.94,20161231,,,,,,,,2744450,428325,2316125,1134817,2.0409,0.91,20170101,20170930,20160203,42450000,,,,,,,YN,,20160524,20160524,1,,,,CREFC,,2621318,1.361,,,2196415,1.9354,N,,,,,0,359725.79,,0,0,0,,N,,30000000,N,,,,,,,,,,,0,,,,0,,,,,WF,LNR,20180213,20180312,N,,,,,,,0,WFCM16C34,,,,,
WFCM16C34,,305720011,5,20180316,29301102.39,29256306.47,20180305,,0.0555,20260405,0.000144,,,,,0.000005,0.055351,,,,,126483.09,44795.92,171279.01,,0,,,,,,0,,0,29256306.47,0,0,0,0,N,,,,,,,,,,,30063234,20394529,9668705,4453254,2.1711,0.86,20171231,28273752,20005921,8267831,4453254,1.8565,0.84,20161231,,,,,,,,,20151112,120100000,,,,,,,,,20160524,20160524,1,,,,CREFC,,8165543,1.8336,6805929,1.5283,,,X,,,,,0,,,0,0,0,,N,,65000000,S2,,,,,,,,,,,0,,,,0,,,,,WF,LNR,20180213,20180312,N,,,,,,,0,CGCMT16P3,,,,,
WFCM16C34,,301741112,6,20180316,28000000,28000000,20180306,,0.0475,20251106,0.000378,,,,,0.000005,0.047117,,,,,103444.44,0,103444.44,,0,,,,,,0,,0,28000000,0,0,0,0,N,,,,,,,,,,,4933218,1707885,3225333,1348472,2.3918,1,20171231,5012381,1585821,3426560,1352167,2.5341,1,20161231,,,,,,,,,20151012,39100000,,,,,,,,,20160524,20160524,2,,,,CREFC,,3052579,2.2637,3253806,2.4063,,,N,,,,,0,2091126.71,20170811,0,0,0,,N,,28000000,SH,,,,,,,,,,,0,,,,0,,,,,WF,LNR,20180213,20180312,N,,,,,,,0,WFCM16C34,,,,,
WFCM16C34,,301741136,8,20180316,23441364.01,23404721.4,20180306,,0.053,20260506,0.000178,,,,,0.000005,0.052817,,,,,96630.51,36642.61,133273.12,,0,,,,,,0,,0,23404721.4,0,0,0,0,N,,,,,,,,,,,5689784,3630910,2058874,1599277,1.2873,0.88,20171231,5999855,4104052,1895803,1599277,1.1854,0.89,20161231,,,,,,,,,20160301,39500000,,,,,,,,,20160524,20160524,1,,,,CREFC,,1831283,1.145,1655809,1.0353,,,N,,,,,0,1762550.97,20180212,0,0,0,,N,,24000000,S2,,,,,,,,,,,0,,,,0,,,,,WF,LNR,20180213,20180312,N,,,,,,,0,WFCM16C34,,,,,
WFCM16C34,,310931984,7,20180316,22987591.59,22914012.73,20180311,,0.0471,20260211,0.000178,,,,,0.000005,0.046917,,,,,84211.21,73578.86,157790.07,,0,,,,,,0,,0,22914012.72,0,0,0,0,N,,,,,,,,,,,3528397,1160364,2368033,1893481,1.2506,0.96,20161231,,,,,,,,2630799,871622,1759177,1420110,1.2387,0.93,20170101,20170930,20150528,34500000,,,,,,,YN,,20160524,20160524,1,,,,CREFC,,2182126,1.1524,,,1619748,1.1405,N,,,,,0,423773.31,,0,0,0,,N,,24500000,S2,,,,,,,,,,,0,,,,0,,,,,WF,LNR,20180213,20180312,N,,,,,,,0,WFCM16C34,,,,,
WFCM16C34,,300571505,9,20180316,22380000,22380000,20180306,,0.0525,20210306,0.000178,,,,,0.000005,0.052317,,,,,91385,0,91385,,0,,,,,,0,,0,22380000,0,0,0,0,N,,,,,,,,,,,2827296,870436,1956860,1194533,1.6381,0.81,20161231,,,,,,,,2966883,967937,1998946,1191268,1.6779,0.88,20161001,20170930,20160126,34130000,,,,,,,TN,,20160524,20160524,4,,,,CREFC,,1942845,1.6264,,,1984931,1.6662,N,,,,,0,32418.3,,0,0,0,,N,,22380000,S2,,,,,,,,,,,0,,,,0,,,,,WF,LNR,20180213,20180312,N,,,,,,,0,WFCM16C34,,,,,
WFCM16C34,,416000228,10,20180316,20950000,20950000,20180301,,0.053,20260301,0.000178,,,,,0.000005,0.052817,,,,,86360.56,0,86360.56,,0,,,,,,0,,0,20950000,0,0,0,0,N,,,,,,,,,,,2275713,476116,1799597,1128856,1.5941,0.97,20161231,,,,,,,,1751355,367577,1383778,837389,1.6524,0.99,20170101,20170930,20151215,28670000,,,,,,,YN,,20160524,20160524,1,,,,CREFC,,1708320,1.5133,,,1315321,1.5707,N,,,,,0.01,157981.13,20170511,0,0,0,,N,,20950000,N,,,,,,,,,,,0,,,,0,,,,,WF,LNR,20180213,20180312,N,,,,,,,0,WFCM16C34,,,,,
WFCM16C34,,300571514,11,20180316,17500000,17500000,20180306,,0.0481,20260406,0.000178,,,,,0.000005,0.047917,,,,,65469.44,0,65469.44,,0,,,,,,0,,0,17500000,0,0,0,0,N,,,,,,,,,,,1939977,501973,1438004,855779,1.6803,0.97,20161231,,,,,,,,1365626,463663,901963,641834,1.4052,0.96,20170101,20170930,20160217,24000000,,,,,,,YN,,20160524,20160524,1,,,,CREFC,,1358635,1.5876,,,842438,1.3125,N,,,,,0,377552.35,,0,0,0,,N,,17500000,S2,,,,,,,,,,,0,,,,0,,,,,WF,LNR,20180213,20180312,N,,,,,,,0,WFCM16C34,,,,,
WFCM16C34,,305950013,13,20180316,16370000,16370000,20180305,,0.0526,20260405,0.000178,,,,,0.000005,0.052417,,,,,66971.49,0,66971.49,,0,,,,,,0,,0,16370000,0,0,0,0,N,,,,,,,,,,,1982723,547958,1434765,875413,1.6389,1,20161231,,,,,,,,1490604,411127,1079477,655364,1.6471,1,20170101,20170930,,24900000,,,,,,,YN,,20160524,20160524,3,,,,CREFC,,1373879,1.5694,,,1033815,1.5774,N,,,,,0,993800.33,,0,0,0,,N,,16370000,SH,,,,,,,,,,,0,,,,0,,,,,WF,LNR,20180213,20180312,N,,,,,,,0,WFCM16C34,,,,,
WFCM16C34,,310931286,12,20180316,16023705.26,15997372.49,20180211,,0.0497,20260211,0.000178,,,,,0.000005,0.049517,,,,,61940.52,26332.77,88273.29,,0,,,,,,0,,0,16023705.26,88210.98,0,0,A,N,,,,,,,,,,,3169101,1402566,1766535,1059279,1.6676,0.86,20171231,2985122,1383733,1601389,1059279,1.5117,0.87,20161231,,,,,,,,,20151124,22000000,,,,,,,,,20160524,20160524,1,,,,CREFC,,1559235,1.4719,1394089,1.316,,,N,,,,,0,321178.83,,0,0,0,,N,,16500000,S2,,,,,,,,,,,0,,,,0,,,,,WF,LNR,20180213,20180312,N,,,,,,,0,WFCM16C34,,,,,
WFCM16C34,,310932870,14,20180316,15625000,15625000,20180311,,0.0456,20260411,0.000178,,,,,0.000005,0.045417,,,,,55416.67,0,55416.67,,0,,,,,,0,,0,15625000,0,0,0,0,N,,,,,,,,,,,2052129,482188,1569941,724376,2.1673,0.87,20161231,,,,,,,,1550134,379999,1170135,542292,2.1577,0.87,20170101,20170930,20160215,25100000,,,,,,,YN,,20160524,20160524,1,,,,CREFC,20170922,1486903,2.0526,,,1107856,2.0429,N,,,,,0,620186.66,,0,0,0,,N,,15625000,S2,,,,,,,,,,,0,,,,0,,,,,WF,LNR,20180213,20180312,N,,,,,,,0,WFCM16C34,,,,,
WFCM16C34,,300571523,15,20180316,14466024.74,14443775.54,20180306,,0.0545,20260506,0.000178,,,,,0.000005,0.054317,,,,,61319.87,22249.2,83569.07,,0,,,,,,0,,0,14443775.54,0,0,0,0,N,,,,,,,,,,,2085388,793915,1291473,1002829,1.2878,0.96,20161231,,,,,,,,1665024,558717,1106307,752122,1.4709,0.96,20170101,20170930,20160305,20000000,,,,,,,YN,,20160524,20160524,1,,,,CREFC,,1175059,1.1717,,,1018997,1.3548,N,,,,,0,930276,20171011,0,0,0,,N,,14800000,H,,,,,,,,,,,0,,,,0,,,,,WF,LNR,20180213,20180312,N,,,,,,,0,WFCM16C34,,,,,
WFCM16C34,,310933343,16,20180316,12900000,12880545.05,20180311,,0.0483,20260211,0.000178,,,,,0.000005,0.048117,,,,,48461,19454.95,67915.95,,0,,,,,,0,,0,12880545.05,0,0,0,0,N,,,,,,,,,,,1880817,475730,1405087,631724,2.2242,0.93,20171231,1811494,540169,1271325,633454,2.0069,0.92,20161231,,,,,,,,,20150731,18600000,,,,,,,,,20160524,20160524,1,,,,CREFC,,1388841,2.1984,1255079,1.9813,,,N,,,,,0,2419745.77,,0,0,0,,N,,12900000,S2,,,,,,,,,,,0,,,,0,,,,,WF,LNR,20180213,20180312,N,,,,,,,0,WFCM16C34,,,,,
WFCM16C34,,310932181,17,20180316,12700000,12680802.82,20180311,,0.0481,20260211,0.000178,,,,,0.000005,0.047917,,,,,47512.11,19197.18,66709.29,,0,,,,,,0,,0,12680802.82,0,0,0,0,N,,,,,,,,,,,1649306,349622,1299684,621051,2.0927,0.99,20161231,,,,,,,,1240199,271332,968867,464940,2.0838,1,20170101,20170930,20151228,17000000,,,,,,,YN,,20160524,20160524,1,,,,CREFC,,1194017,1.9225,,,889616,1.9133,N,,,,,0,306221,,0,0,0,,N,,12700000,S2,,,,,,,,,,,0,,,,0,,,,,WF,LNR,20180213,20180312,N,,,,,,,0,WFCM16C34,,,,,
WFCM16C34,,310933486,18,20180316,12100000,12100000,20180311,,0.0483,20260411,0.000178,,,,,0.000005,0.048117,,,,,45455.67,0,45455.67,,0,,,,,,0,,0,12100000,0,0,0,0,N,,,,,,,,,,,1772596,340508,1432088,592547,2.4168,1,20171231,1633905,411148,1222757,594171,2.0579,1,20161231,,,,,,,,,20160218,19200000,,,,,,,,,20160524,20160524,1,,,,CREFC,,1339456,2.2605,1130125,1.902,,,N,,,,,0,651250.65,,0,0,0,,N,,12100000,S2,,,,,,,,,,,0,,,,0,,,,,WF,LNR,20180213,20180312,N,,,,,,,0,WFCM16C34,,,,,
WFCM16C34,,301741133,19,20180316,11200000,11200000,20180306,,0.0525,20260206,0.000178,,,,,0.000005,0.052317,,,,,45733.33,0,45733.33,,0,,,,,,0,,0,11200000,0,0,0,0,N,,,,,,,,,,,2680455,1530213,1150242,596167,1.9293,0.95,20171231,2452686,1513694,938992,597800,1.5707,0.93,20161231,,,,,,,,,20151201,15200000,,,,,,,,,20160524,20160524,1,,,,CREFC,,1101438,1.8475,890188,1.4891,,,N,,,,,0,124843.18,,0,0,0,,N,,11200000,S2,,,,,,,,,,,0,,,,0,,,,,WF,LNR,20180213,20180312,N,,,,,,,0,WFCM16C34,,,,,
WFCM16C34,,301741119,20,20180316,11100000,11100000,20180306,,0.0491,20251206,0.000178,,,,,0.000005,0.048917,,,,,42389.67,0,42389.67,,0,,,,,,0,,0,11100000,0,0,0,0,N,,,,,,,,,,,1826657,971921,854736,552580,1.5468,0.89,20171231,1884184,896386,987798,554094,1.7827,0.94,20161231,,,,,,,,,20151029,15330000,,,,,,,,,20160524,20160524,1,,,,CREFC,,810736,1.4671,943798,1.7033,,,N,,,,,0,19373.62,,0,0,0,,N,,11100000,S2,,,,,,,,,,,0,,,,0,,,,,WF,LNR,20180213,20180312,N,,,,,,,0,WFCM16C34,,,,,
WFCM16C34,,305950021,21,20180316,9673120.78,9657788.27,20180307,,0.05252,20260307,0.000178,,,,,0.000005,0.052337,,,,,39513.62,15332.51,54846.13,,0,,,,,,0,,0,9657788.27,0,0,0,0,N,,,,,,,,,,,1251246,483894,767352,658154,1.1659,0.91,20171231,,,,,,,,,,,,,,,,20160216,15400000,,,,,,,,,20160524,20160524,1,,,,CREFC,,756952,1.1501,,,,,N,,,,,0,20806.06,,0,0,0,,N,,9930000,S2,,,,,,,,,,,0,,,,0,,,,,WF,LNR,20180213,20180312,N,,,,,,,0,WFCM16C34,,,,,
WFCM16C34,,410923405,22,20180316,9539827.12,9523659.49,20180301,,0.0473,20260101,0.000178,,,,,0.000005,0.047117,,,,,35095.96,16167.63,51263.59,,0,,,,,,0,,0,9523659.49,0,0,0,0,N,,,,,,,,,,,1474261,387333,1086928,615163,1.7668,0.98,20171231,1445469,372945,1072524,615163,1.7434,0.97,20161231,,,,,,,,,20151110,14950000,,,,,,,,,20160524,20160524,1,,,,CREFC,,1072008,1.7426,1057604,1.7192,,,N,,,,,0,,20171113,0,0,0,,N,,9850000,N,,,,,,,,,,,0,,,,0,,,,,WF,LNR,20180213,20180312,N,,,,,,,0,WFCM16C34,,,,,
WFCM16C34,,301741132,23,20180316,9400000,9400000,20180306,,0.05255,20260206,0.000178,,,,,0.000005,0.052367,,,,,38419.89,0,38419.89,,0,,,,,,0,,0,9400000,0,0,0,0,N,,,,,,,,,,,1227791,438218,789573,502203,1.5722,0.91,20161231,,,,,,,,954274,340421,613853,375966,1.6327,0.95,20170101,20170930,20151025,12650000,,,,,,,YN,,20160524,20160524,1,,,,CREFC,,744385,1.4822,,,579962,1.5425,N,,,,,0,99900.25,,0,0,0,,N,,9400000,S2,,,,,,,,,,,0,,,,0,,,,,WF,LNR,20180213,20180312,N,,,,,,,0,WFCM16C34,,,,,
WFCM16C34,,301741135,24,20180316,8894223.21,8880528.91,20180306,,0.0544,20260506,0.000178,,,,,0.000005,0.054217,,,,,37632.45,13694.3,51326.75,,0,,,,,,0,,0,8880528.91,0,0,0,0,N,,,,,,,,,,,1362046,469887,892159,615921,1.4484,0.95,20171231,1414596,464139,950457,615921,1.5431,1,20161231,,,,,,,,,20160210,13150000,,,,,,,,,20160524,20160524,1,,,,CREFC,,790123,1.2828,848421,1.3774,,,N,,,,,0,287066,,0,0,0,,N,,9100000,S2,,,,,,,,,,,0,,,,0,,,,,WF,LNR,20180213,20180312,N,,,,,,,0,WFCM16C34,,,,,
WFCM16C34,,310933331,25,20180316,8755023.15,8740756.51,20180311,,0.05,20260311,0.000178,,,,,0.000005,0.049817,,,,,34047.31,14266.64,48313.95,,0,,,,,,0,,0,8740756.51,0,0,0,0,N,,,,,,,,,,,4497844,2126328,2371516,579767,4.0904,0.85,20171231,4051026,2031038,2019988,579767,3.4841,0.8,20161231,,,,,,,,,20160111,19200000,,,,,,,,,20160524,20160524,1,,,,CREFC,,2230035,3.8464,1878507,3.2401,,,N,,,,,0,301808.72,,0,0,0,,N,,9000000,S2,,,,,,,,,,,0,,,,0,,,,,WF,LNR,20180213,20180312,N,,,,,,,0,WFCM16C34,,,,,
WFCM16C34,,310931601,26,20180316,8700000,8700000,20180311,,0.0511,20260411,0.000178,,,,,0.000005,0.050917,,,,,34577.67,0,34577.67,,0,,,,,,0,,0,8700000,0,0,0,0,N,,,,,,,,,,,1280911,510008,770903,451980,1.7056,0.87,20161231,,,,,,,,980727,389943,590784,338367,1.7459,0.82,20170101,20170930,20160128,12500000,,,,,,,YN,,20160524,20160524,1,,,,CREFC,,765130,1.6928,,,586454,1.7331,N,,,,,0,10560,,0,0,0,,N,,8700000,S2,,,,,,,,,,,0,,,,0,,,,,WF,LNR,20180213,20180312,N,,,,,,,0,WFCM16C34,,,,,
WFCM16C34,,310933437,27,20180316,6900000,6900000,20180311,,0.051,20260311,0.000178,,,,,0.000005,0.050817,,,,,27370,0,27370,,0,,,,,,0,,0,6900000,0,0,0,0,N,,,,,,,,,,,932473,196577,735896,356788,2.0625,1,20171231,857286,224809,632477,357765,1.7678,1,20161231,,,,,,,,,20160115,10750000,,,,,,,YN,,20160524,20160524,1,,,,CREFC,,685854,1.9223,582435,1.6279,,,N,,,,,0,100084.32,,0,0,0,,N,,6900000,S2,,,,,,,,,,,0,,,,0,,,,,WF,LNR,20180213,20180312,N,,,,,,,0,WFCM16C34,,,,,
WFCM16C34,,301741134,28,20180316,6750000,6750000,20180306,,0.05095,20260306,0.000178,,,,,0.000005,0.050767,,,,,26748.75,0,26748.75,,0,,,,,,0,,0,6750000,0,0,0,0,N,,,,,,,,,,,1084602,434945,649657,349644,1.858,0.89,20161231,,,,,,,,863457,295430,568027,261756,2.17,0.99,20170101,20170930,20160112,9690000,,,,,,,YN,,20160524,20160524,1,,,,CREFC,,568749,1.6266,,,507346,1.9382,X,,,,,0,188315.34,,0,0,0,,N,,6750000,S2,,,,,,,,,,,0,,,,0,,,,,WF,LNR,20180213,20180312,N,,,,,,,0,WFCM16C34,,,,,
WFCM16C34,,300571522,29,20180316,6353321.73,6343550.12,20180306,,0.0545,20260506,0.000178,,,,,0.000005,0.054317,,,,,26931.02,9771.61,36702.63,,0,,,,,,0,,0,6343550.12,0,0,0,0,N,,,,,,,,,,,1051390,376780,674610,440432,1.5317,0.9,20171231,973281,306772,666509,440432,1.5133,0.85,20161231,,,,,,,,,20160226,10300000,,,,,,,,,20160524,20160524,1,,,,CREFC,,600772,1.364,592671,1.3456,,,N,,,,,0,491211.57,,0,0,0,,N,,6500000,H,,,,,,,,,,,0,,,,0,,,,,WF,LNR,20180213,20180312,N,,,,,,,0,WFCM16C34,,,,,
WFCM16C34,,610933726,30,20180316,6300000,6300000,20180311,,0.0515,20260411,0.000478,,,,,0.000005,0.051017,,,,,25235,0,25235,,0,,,,,,0,,0,6300000,0,0,0,0,N,,,,,,,,,,,924712,381174,543538,328956,1.6523,0.9,20171231,994863.15,417101.69,577761.46,329858,1.7515,0.89,20161231,,,,,,,,,20160215,9500000,,,,,,,,,20160524,20160524,1,,,,CREFC,,466162,1.417,500385.92,1.5169,,,N,,,,,0,376476,,0,0,0,,N,,6300000,S2,,,,,,,,,,,0,,,,0,,,,,WF,LNR,20180213,20180312,N,,,,,,,0,WFCM16C34,,,,,
WFCM16C34,,305950031,31,20180316,5843975.41,5834266.81,20180305,,0.0475,20260505,0.000178,,,,,0.000005,0.047317,,,,,21590.24,9708.6,31298.84,,0,,,,,,0,,0,5834266.81,0,0,0,0,N,,,,,,,,,,,1350855,586207,764648,375586,2.0358,0.84,20161231,,,,,,,,1096047,477121,618926,281689,2.1971,0.9,20170101,20170930,20160126,11820000,,,,,,,YN,,20160524,20160524,5,,,,CREFC,,735111,1.9572,,,596775,2.1185,N,,,,,0,13050.95,,0,0,0,,N,,6000000,S2,,,,,,,,,,,0,,,,0,,,,,WF,LNR,20180213,20180312,N,,,,,,,0,WFCM16C34,,,,,
WFCM16C34,,305950032,32,20180316,5791873.26,5779416.87,20180305,,0.05095,20260505,0.000178,,,,,0.000005,0.050767,,,,,22951.91,12456.39,35408.3,,0,,,,,,0,,0,5779416.87,0,0,0,0,N,,,,,,,,,,,587978,55722,532256,424900,1.2526,1,20171231,587978,43034,544944,424899,1.2825,1,20161231,,,,,,,,,20151119,8600000,,,,,,,,,20160524,20160524,1,,,,CREFC,,527674,1.2418,540362,1.2717,,,N,,,,,0,8402.03,,0,0,0,,N,,6000000,S1,,,,,,,,,,,0,,,,0,,,,,WF,LNR,20180213,20180312,N,,,,,,,0,WFCM16C34,,,,,
WFCM16C34,,305950033,33,20180316,5496965.67,5489441.47,20180305,,0.0664,20260405,0.000178,,,,,0.000005,0.066217,,,,,28388.77,7524.2,35912.97,,0,,,,,,0,,0,5489441.47,0,0,0,0,N,,,,,,,,,,,2075216,1275032,800184,430955,1.8567,0.84,20161231,,,,,,,,1901561,1126530,775031,430955,1.7984,0.86,20161001,20170930,20160101,8400000,,,,,,,TN,,20160524,20160524,1,,,,CREFC,,719501,1.6695,,,698969,1.6219,N,,,,,0,78249.32,,0,0,0,,N,,5600000,S1,,,,,,,,,,,0,,,,0,,,,,WF,LNR,20180213,20180312,N,,,,,,,0,WFCM16C34,,,,,
WFCM16C34,,300571509,34,20180316,5392162.38,5384997.82,20180306,,0.0641,20210406,0.000178,,,,,0.000005,0.063917,,,,,26882.93,7164.56,34047.49,,0,,,,,,0,,0,5384997.82,0,0,0,0,N,,,,,,,,,,,1292730,751976,540754,354353,1.526,0.85,20161231,,,,,,,,449928,226600,223328,87136,2.5629,0,20170101,20170331,20160118,7710000,,,,,,,YN,,20160524,20160524,1,,,,CREFC,,518743,1.4639,,,217826,2.4998,N,,,,,0,288363.43,,0,0,0,,N,,5437500,S2,,,,,,,,,,,0,,,,0,,,,,WF,LNR,20180213,20180312,N,,,,,,,0,WFCM16C34,,,,,
WFCM16C34,,300571506,36,20180316,5150000,5150000,20180306,,0.0549,20260306,0.000178,,,,,0.000005,0.054717,,,,,21990.5,0,21990.5,,0,,,,,,0,,0,5150000,0,0,0,0,N,,,,,,,,,,,855879,172949,682930,286662,2.3823,0.97,20171231,782718,192493,590225,287449,2.0533,0.97,20161231,,,,,,,,,20160205,7000000,,,,,,,,,20160524,20160524,2,,,,CREFC,,637006,2.2221,544301,1.8935,,,N,,,,,0,99961.27,,0,0,0,,N,,5150000,S2,,,,,,,,,,,0,,,,0,,,,,WF,LNR,20180213,20180312,N,,,,,,,0,WFCM16C34,,,,,
WFCM16C34,,310931611,35,20180316,5132861.82,5121673.16,20180311,,0.0501,20260411,0.000178,,,,,0.000005,0.049917,,,,,20001.05,11188.66,31189.71,,0,,,,,,0,,0,5121673.16,0,0,0,0,N,,,,,,,,,,,762360,141911,620449,374277,1.6577,0.95,20161231,,,,,,,,680500,126689,553811,280707,1.9729,0.95,20170101,20170930,20160202,8500000,,,,,,,YN,,20160524,20160524,1,,,,CREFC,,590216,1.5769,,,531137,1.8921,N,,,,,0,214586,,0,0,0,,N,,5330000,S2,,,,,,,,,,,0,,,,0,,,,,WF,LNR,20180213,20180312,N,,,,,,,0,WFCM16C34,,,,,
WFCM16C34,,300571504,38,20180316,4830000,4830000,20180306,,0.0515,20260306,0.000178,,,,,0.000005,0.051317,,,,,19346.83,0,19346.83,,0,,,,,,0,,0,4830000,0,0,0,0,N,,,,,,,,,,,632139,264266,367873,252891,1.4546,0.79,20161231,,,,,,,,665480,249369,416111,252200,1.6499,0.79,20161001,20170930,20160203,6600000,,,,,,,TN,,20160524,20160524,1,,,,CREFC,,364775,1.4424,,,413013,1.6376,N,,,,,0,2581.3,,0,0,0,,N,,4830000,S2,,,,,,,,,,,0,,,,0,,,,,WF,LNR,20180213,20180312,N,,,,,,,0,WFCM16C34,,,,,
WFCM16C34,,416000231,37,20180316,4737011.47,4729769.46,20170201,,0.0555,20260401,0.000178,0.0025,,,,0.000005,0.052817,,,,,20448.1,7242.01,27690.11,,0,,,,,,5157.61,,50286.69,4800846.01,309424.48,40502.9,338385.14,6,N,20170713,,,,,,,,,,,,,,,,,,,,,,,,493686,173436,320250,249211,1.285,0.93,20160101,20160930,20160203,7000000,2,20170508,,20180629,,,YN,,20160524,20160524,1,,,,CREFC,,,,,,307425,1.2335,N,1195889.92,20170612,,,9134.89,0.91,,3500,0,0,,N,,4850000,S2,,,,,,,,,,,150,,,A,0,,,,,WF,LNR,20180213,20180312,N,N,,,,0,,0,WFCM16C34,,,,0,0
WFCM16C34,,410933687,39,20180316,4616666.12,4606630.4,20180311,,0.0509,20210311,0.000178,,,,,0.000005,0.050717,,,,,18276.87,10035.72,28312.59,,0,,,,,,0,,0,4606630.41,0,0,0,0,N,,,,,,,,,,,1866565,762162,1104403,339751,3.2506,0.99,20171231,,,,,,,,,,,,,,,,20160208,8400000,,,,,,,,,20160524,20160524,1,,,,CREFC,,1044691,3.0748,,,,,N,,,,,0,20863.63,,0,0,0,,N,,4800000,N,,,,,,,,,,,0,,,,0,,,,,WF,LNR,20180213,20180312,N,,,,,,,0,WFCM16C34,,,,,
WFCM16C34,,410932113,40,20180316,4494708.45,4487688.13,20180311,,0.0456,20260111,0.000178,,,,,0.000005,0.045417,,,,,15941.23,7020.32,22961.55,,0,,,,,,0,,0,4487688.13,0,0,0,0,N,,,,,,,,,,,859302,339566,519736,208050,2.4981,1,20171231,788455,340064,448391,208620,2.1493,0.98,20161231,,,,,,,,,20151106,7370000,,,,,,,,,20160524,20160524,1,,,,CREFC,,506772,2.4358,435427,2.0871,,,N,,,,,0.01,28080,,0,0,0,,N,,4500000,N,,,,,,,,,,,0,,,,0,,,,,WF,LNR,20180213,20180312,N,,,,,,,0,WFCM16C34,,,,,
WFCM16C34,,300571512,41,20180316,4399457.5,4392872.07,20180306,,0.0575,20260406,0.000178,,,,,0.000005,0.057317,,,,,19675.35,6585.43,26260.78,,0,,,,,,0,,0,4392872.07,0,0,0,0,N,,,,,,,,,,,817115,283582,533533,315129,1.693,0.98,20171231,756355,336837,419518,315129,1.3312,0.92,20161231,,,,,,,,,20160311,6850000,,,,,,,,,20160524,20160524,1,,,,CREFC,,482874,1.5323,368859,1.1705,,,N,,,,,0,44398.83,,0,0,0,,N,,4500000,S2,,,,,,,,,,,0,,,,0,,,,,WF,LNR,20180213,20180312,N,,,,,,,0,WFCM16C34,,,,,
WFCM16C34,,410933094,42,20180316,4213911.88,4207288.9,20180311,,0.0533,20260311,0.000178,,,,,0.000005,0.053117,,,,,17469.01,6622.98,24091.99,,0,,,,,,0,,0,4207288.9,0,0,0,0,N,,,,,,,,,,,604977,163813,441164,289104,1.5259,0.94,20161231,,,,,,,,450729,101600,349129,216828,1.6101,0.96,20170101,20170930,20160114,6270000,,,,,,,YN,,20160524,20160524,1,,,,CREFC,,412510,1.4268,,,327639,1.511,N,,,,,0.01,47145.76,,0,0,0,,N,,4324000,S2,,,,,,,,,,,0,,,,0,,,,,WF,LNR,20180213,20180312,N,,,,,,,0,WFCM16C34,,,,,
WFCM16C34,,300571507,43,20180316,3835000,3835000,20180306,,0.0536,20260406,0.000178,,,,,0.000005,0.053417,,,,,15987.69,0,15987.69,,0,,,,,,0,,0,3835000,0,0,0,0,N,,,,,,,,,,,316900,6338,310562,208982,1.486,1,20161231,,,,,,,,316900,6338,310562,208411,1.4901,1,20161001,20170930,20160204,5500000,,,,,,,TN,,20160524,20160524,1,,,,CREFC,,310562,1.486,,,310562,1.4901,N,,,,,0,,,0,0,0,,N,,3835000,S2,,,,,,,,,,,0,,,,0,,,,,WF,LNR,20180213,20180312,N,,,,,,,0,WFCM16C34,,,,,
WFCM16C34,,410933020,44,20180316,3781000,3781000,20180311,,0.0525,20260411,0.000178,,,,,0.000005,0.052317,,,,,15439.08,0,15439.08,,0,,,,,,0,,0,3781000,0,0,0,0,N,,,,,,,,,,,600548,197208,403340,201259,2.004,1,20171231,567176,175714,391462,201811,1.9397,1,20161231,,,,,,,,,20160205,5100000,,,,,,,YN,,20160524,20160524,1,,,,CREFC,,378956,1.8829,367078,1.8189,,,N,,,,,0,46667,,0,0,0,,N,,3781000,S2,,,,,,,,,,,0,,,,0,,,,,WF,LNR,20180213,20180312,N,,,,,,,0,WFCM16C34,,,,,
WFCM16C34,,300571519,45,20180316,3700000,3700000,20180306,,0.0571,20260506,0.000178,,,,,0.000005,0.056917,,,,,16432.11,0,16432.11,,0,,,,,,0,,0,3700000,0,0,0,0,N,,,,,,,,,,,451594,169822,281772,214791,1.3118,0.94,20161231,,,,,,,,430312,166626,263686,214204,1.231,0.94,20161001,20170930,20160318,5300000,,,,,,,TN,,20160524,20160524,1,,,,CREFC,,274522,1.278,,,256436,1.1971,N,,,,,0,197788.6,,0,0,0,,N,,3700000,S2,,,,,,,,,,,0,,,,0,,,,,WF,LNR,20180213,20180312,N,,,,,,,0,WFCM16C34,,,,,
WFCM16C34,,300571511,46,20180316,3650000,3650000,20180306,,0.0523,20260406,0.000178,,,,,0.000005,0.052117,,,,,14847.39,0,14847.39,,0,,,,,,0,,0,3650000,0,0,0,0,N,,,,,,,,,,,390000,7800,382200,194077,1.9693,1,20161231,,,,,,,,292500,5850,286650,145292,1.9729,1,20170101,20170930,20160212,6780000,,,,,,,YN,,20160524,20160524,1,,,,CREFC,,382200,1.9693,,,286650,1.9729,N,,,,,0,,,0,0,0,,N,,3650000,S2,,,,,,,,,,,0,,,,0,,,,,WF,LNR,20180213,20180312,N,,,,,,,0,WFCM16C34,,,,,
WFCM16C34,,301741130,47,20180316,3397727.54,3391840.02,20180306,,0.05862,20260206,0.000178,,,,,0.000005,0.058437,,,,,15491.37,5887.52,21378.89,,0,,,,,,0,,0,3391840.02,0,0,0,0,N,,,,,,,,,,,324190,3241,320949,256547,1.251,1,20161231,,,,,,,,244029,2440,241589,192410,1.2555,1,20170101,20170930,20151124,4800000,,,,,,,YN,,20160524,20160524,1,,,,CREFC,,316783,1.2347,,,238465,1.2393,N,,,,,0,8680,,0,0,0,,N,,3500000,S1,,,,,,,,,,,0,,,,0,,,,,WF,LNR,20180213,20180312,N,,,,,,,0,WFCM16C34,,,,,
WFCM16C34,,305950048,48,20180316,3324242.21,3318786.95,20180305,,0.049,20260405,0.000178,,,,,0.000005,0.048817,,,,,12669.06,5455.26,18124.32,,0,,,,,,0,,0,3318786.95,0,0,0,0,N,,,,,,,,,,,575957,200747,375210,217492,1.7251,1,20171231,501486,149607,351879,217492,1.6178,1,20161231,,,,,,,,,20160201,4700000,,,,,,,YN,,20160524,20160524,1,,,,CREFC,,351454,1.6159,328123,1.5086,,,N,,,,,0,17584.46,,0,0,0,,N,,3415000,S1,,,,,,,,,,,0,,,,0,,,,,WF,LNR,20180213,20180312,N,,,,,,,0,WFCM16C34,,,,,
WFCM16C34,,410932916,49,20180316,3163496.4,3156453.15,20180311,,0.049,20260211,0.000178,,,,,0.000005,0.048817,,,,,12056.44,7043.25,19099.69,,0,,,,,,0,,0,3156453.15,0,0,0,0,N,,,,,,,,,,,544817,164221,380596,229196,1.6605,0.95,20171231,512098,150555,361543,229196,1.5774,0.95,20161231,,,,,,,,,20151201,4900000,,,,,,,YN,,20160524,20160524,1,,,,CREFC,,345790,1.5087,326737,1.4255,,,N,,,,,0,73196.92,,0,0,0,,N,,3300000,S2,,,,,,,,,,,0,,,,0,,,,,WF,LNR,20180213,20180312,N,,,,,,,0,WFCM16C34,,,,,
WFCM16C34,,410931741,50,20180316,3077000,3077000,20180311,,0.0525,20260411,0.000178,,,,,0.000005,0.052317,,,,,12564.42,0,12564.42,,0,,,,,,0,,0,3077000,0,0,0,0,N,,,,,,,,,,,388134,92568,295566,163786,1.8045,1,20171231,300232,77003,223229,164235,1.3592,1,20161231,,,,,,,,,20160601,4500000,,,,,,,,,20160524,20160524,1,,,,CREFC,,280266,1.7111,207929,1.266,,,N,,,,,0,69240,,0,0,0,,N,,3077000,S2,,,,,,,,,,,0,,,,0,,,,,WF,LNR,20180213,20180312,N,,,,,,,0,WFCM16C34,,,,,
WFCM16C34,,410933056,51,20180316,2920768.69,2916087.2,20180311,,0.0515,20260311,0.000178,,,,,0.000005,0.051317,,,,,11699.3,4681.49,16380.79,,0,,,,,,0,,0,2916087.21,0,0,0,0,N,,,,,,,,,,,,,,,,,,,,,,,,,,,,,,,,,20160104,4350000,,,,,,,,,20160524,20160524,1,,,,CREFC,,,,,,,,N,,,,,0,8328,20171011,0,0,0,,N,,3000000,N,,,,,,,,,,,0,,,,0,,,,,WF,LNR,20180213,20180312,N,,,,,,,0,WFCM16C34,,,,,
WFCM16C34,,310933861,52,20180316,2900000,2900000,20180311,,0.0516,20260411,0.000178,,,,,0.000005,0.051417,,,,,11638.67,0,11638.67,,0,,,,,,0,,0,2900000,0,0,0,0,N,,,,,,,,,,,411160,150998,260162,152134,1.71,0.83,20161231,,,,,,,,296279,105226,191053,113477,1.6836,0.81,20170101,20170930,20160128,4300000,,,,,,,YN,,20160524,20160524,1,,,,CREFC,,258099,1.6965,,,189506,1.6699,N,,,,,0,3300,,0,0,0,,N,,2900000,S2,,,,,,,,,,,0,,,,0,,,,,WF,LNR,20180213,20180312,N,,,,,,,0,WFCM16C34,,,,,
WFCM16C34,,410931826,53,20180316,2746865.08,2740956.97,20180311,,0.0515,20260411,0.000178,,,,,0.000005,0.051317,,,,,11002.72,5908.11,16910.83,,0,,,,,,0,,0,2740956.97,0,0,0,0,N,,,,,,,,,,,425021,222818,202203,202930,0.9964,0.73,20171231,481600,254451,227149,202930,1.1193,0.86,20161231,,,,,,,,,20160120,4200000,,,,,,,,,20160524,20160524,1,,,,CREFC,,170950,0.8424,195896,0.9653,,,N,,,,,0,207341.56,20170711,0,0,0,,N,,2850000,SH,,,,,,,,,,,0,,,,0,,,,,WF,LNR,20180213,20180312,N,,,,,,,0,WFCM16C34,,,,,
WFCM16C34,,410932686,54,20180316,2669856.9,2665787.69,20180311,,0.051,20260411,0.000178,,,,,0.000005,0.050817,,,,,10590.43,4069.21,14659.64,,0,,,,,,0,,0,2665787.69,0,0,0,0,N,,,,,,,,,,,363312,94832,268480,139995,1.9177,1,20161231,,,,,,,,314549,76703,237846,119581,1.9889,1,20170101,20170930,20151216,3750000,,,,,,,YN,,20160524,20160524,1,,,,CREFC,,237203,1.6943,,,214389,1.7928,N,,,,,0,109961,,0,0,0,,N,,2700000,S2,,,,,,,,,,,0,,,,0,,,,,WF,LNR,20180213,20180312,N,,,,,,,0,WFCM16C34,,,,,
WFCM16C34,,600933382,56,20180316,2650000,2650000,20180311,,0.0545,20260411,0.000953,,,,,0.000005,0.053542,,,,,11233.06,0,11233.06,,0,,,,,,0,,0,2650000,0,0,0,0,N,,,,,,,,,,,400016,151660,248356,144425,1.7196,1,20161231,,,,,,,,269278,88236,181042,109923,1.6469,1,20170101,20170930,20160124,4300000,,,,,,,YN,,20160524,20160524,1,,,,CREFC,,230930,1.5989,,,167619,1.5248,X,,,,,0,72352.8,,0,0,0,,N,,2650000,N,,,,,,,,,,,0,,,,0,,,,,WF,LNR,20180213,20180312,N,,,,,,,0,WFCM16C34,,,,,
WFCM16C34,,410930333,55,20180316,2628691.86,2624478.52,20180311,,0.0515,20260311,0.000178,,,,,0.000005,0.051317,,,,,10529.37,4213.34,14742.71,,0,,,,,,0,,0,2624478.52,0,0,0,0,N,,,,,,,,,,,403363,84066,319297,176913,1.8048,0.99,20171231,402243,114399,287844,176912,1.627,0.99,20161231,,,,,,,,,20151215,3725000,,,,,,,,,20160524,20160524,1,,,,CREFC,,295691,1.6713,264238,1.4936,,,N,,,,,0,48888,,0,0,0,,N,,2700000,S2,,,,,,,,,,,0,,,,0,,,,,WF,LNR,20180213,20180312,N,,,,,,,0,WFCM16C34,,,,,
WFCM16C34,,300571516,57,20180316,2214533.99,2209692.84,20180306,,0.0498,20260406,0.000178,,,,,0.000005,0.049617,,,,,8577.63,4841.15,13418.78,,0,,,,,,0,,0,2209692.84,0,0,0,0,N,,,,,,,,,,,605462,252342,353120,161025,2.1929,0.77,20171231,559556,274266,285290,161025,1.7717,0.77,20161231,,,,,,,,,20151201,3800000,,,,,,,,,20160524,20160524,1,,,,CREFC,,343321,2.132,275491,1.7108,,,N,,,,,0,18780.65,,0,0,0,,N,,2300000,S2,,,,,,,,,,,0,,,,0,,,,,WF,LNR,20180213,20180312,N,,,,,,,0,WFCM16C34,,,,,
WFCM16C34,,610932783,58,20180316,2207159.15,2202319.45,20180311,,0.0506,20260211,0.000478,,,,,0.000005,0.050117,,,,,8686.4,4839.7,13526.1,,0,,,,,,0,,0,2202319.45,0,0,0,0,N,,,,,,,,,,,313972,67358,246614,135261,1.8232,1,20161231,,,,,,,,158713,32219,126494,81157,1.5586,1,20170101,20170630,20160118,3160000,,,,,,,YN,,20160524,20160524,1,,,,CREFC,,232501,1.7189,,,119438,1.4716,N,,,,,0,43276.52,,0,0,0,,N,,2300000,N,,,,,,,,,,,0,,,,0,,,,,WF,LNR,20180213,20180312,N,,,,,,,0,WFCM16C34,,,,,
WFCM16C34,,416000229,59,20180316,2144217.84,2140855.07,20180301,,0.0535,20260301,0.000178,,,,,0.000005,0.053317,,,,,8922.33,3362.77,12285.1,,0,,,,,,0,,0,2140855.07,0,0,0,0,N,,,,,,,,,,,585593,233997,351596,147421,2.3849,0.98,20161231,,,,,,,,457796,180656,277140,110565,2.5065,0.96,20170101,20170930,20151216,3600000,,,,,,,YN,,20160524,20160524,1,,,,CREFC,,326396,2.214,,,258240,2.3356,N,,,,,0,2207.04,,0,0,0,,N,,2200000,S2,,,,,,,,,,,0,,,,0,,,,,WF,LNR,20180213,20180312,N,,,,,,,0,WFCM16C34,,,,,
WFCM16C34,,300571513,60,20180316,1647503.44,1644716.54,20180306,,0.0463,20260406,0.000178,,,,,0.000005,0.046117,,,,,5932.84,2786.9,8719.74,,0,,,,,,0,,0,1644716.53,0,0,0,0,N,,,,,,,,,,,185687,11400,174287,104637,1.6656,1,20171231,183870,11525,172345,104637,1.647,1,20161231,,,,,,,,,20160129,2610000,,,,,,,YN,,20160524,20160524,1,,,,CREFC,,164263,1.5698,162321,1.5512,,,N,,,,,0,34015.23,,0,0,0,,N,,1695000,N,,,,,,,,,,,0,,,,0,,,,,WF,LNR,20180213,20180312,N,,,,,,,0,WFCM16C34,,,,,
WFCM16C34,,416000230,61,20180316,1647149.17,1644565.95,20180301,,0.0535,20260301,0.000178,,,,,0.000005,0.053317,,,,,6853.97,2583.22,9437.19,,0,,,,,,0,,0,1644565.95,0,0,0,0,N,,,,,,,,,,,404097,176755,227342,113246,2.0075,0.97,20161231,,,,,,,,305889,135052,170837,84934,2.0114,0.98,20170101,20170930,20160105,2600000,,,,,,,YN,,20160524,20160524,1,,,,CREFC,,208142,1.8379,,,156437,1.8418,N,,,,,0,3690.64,,0,0,0,,N,,1690000,S2,,,,,,,,,,,0,,,,0,,,,,WF,LNR,20180213,20180312,N,,,,,,,0,WFCM16C34,,,,,
WFCM16C34,,410932672,62,20180316,1600000,1600000,20180311,,0.0505,20260411,0.000178,,,,,0.000005,0.050317,,,,,6284.44,0,6284.44,,0,,,,,,0,,0,1600000,0,0,0,0,N,,,,,,,,,,,401566,159797,241769,81922,2.9512,1,20171231,387020,164364,222656,82147,2.7104,0.97,20161231,,,,,,,,,20160224,3000000,,,,,,,,,20160524,20160524,1,,,,CREFC,,214290,2.6157,195177,2.3759,,,X,,,,,0,27186.24,,0,0,0,,N,,1600000,S2,,,,,,,,,,,0,,,,0,,,,,WF,LNR,20180213,20180312,N,,,,,,,0,WFCM16C34,,,,,
WFCM16C34,,410932310,63,20180316,1600000,1597656.85,20180211,,0.0509,20260211,0.000178,,,,,0.000005,0.050717,,,,,6334.22,2343.15,8677.37,,0,,,,,,0,,0,1600000,8671.15,0,0,A,N,,,,,,,,,,,218686,84600,134086,82797,1.6194,1,20161231,,,,,,,,165970,64198,101772,61985,1.6418,0.83,20170101,20170930,20150811,2210000,,,,,,,YN,,20160524,20160524,1,,,,CREFC,,120391,1.454,,,91501,1.4761,N,,,,,0,50826.32,20170811,0,0,0,,N,,1600000,SH,,,,,,,,,,,0,,,,0,,,,,WF,LNR,20180213,20180312,N,,,,,,,0,WFCM16C34,,,,,
WFCM16C34,,410933251,64,20180316,1500000,1497800.85,20180311,,0.0508,20260211,0.000178,,,,,0.000005,0.050617,,,,,5926.67,2199.15,8125.82,,0,,,,,,0,,0,1497800.85,0,0,0,0,N,,,,,,,,,,,383759,191059,192700,77470,2.4874,0.9,20161231,,,,,,,,,,,,,,,,20160107,2950000,,,,,,,,,20160524,20160524,1,,,,CREFC,,184892,2.3866,,,,,N,,,,,0,16250,,0,0,0,,N,,1500000,N,,,,,,,,,,,0,,,,0,,,,,WF,LNR,20180213,20180312,N,,,,,,,0,WFCM16C34,,,,,
WFCM16C34,,600933250,65,20180316,1454440.55,1452137.18,20180311,,0.0526,20260311,0.000853,,,,,0.000005,0.051742,,,,,5950.28,2303.37,8253.65,,0,,,,,,0,,0,1452137.18,0,0,0,0,N,,,,,,,,,,,181132,33678,147454,99044,1.4887,1,20171231,165450,31870,133580,99044,1.3486,1,20161231,,,,,,,,,20151230,2030000,,,,,,,,,20160524,20160524,1,,,,CREFC,,138831,1.4017,124957,1.2616,,,N,,,,,0,56438.75,20170811,0,0,0,,N,,1493000,S2,,,,,,,,,,,0,,,,0,,,,,WF,LNR,20180213,20180312,N,,,,,,,0,WFCM16C34,,,,,
WFCM16C34,,410932561,66,20180316,1317294.22,1315238.88,20180301,,0.0536,20260401,0.000178,,,,,0.000005,0.053417,,,,,5491.65,2055.34,7546.99,,0,,,,,,0,,0,1315238.88,0,0,0,0,N,,,,,,,,,,,539419,252247,287172,90564,3.1709,1,20171231,481284,231573,249711,90564,2.7572,0.98,20161231,,,,,,,,,20151116,3500000,,,,,,,,,20160524,20160524,1,,,,CREFC,,279726,3.0887,242265,2.675,,,N,,,,,0,,,0,0,0,,N,,1350000,N,,,,,,,,,,,0,,,,0,,,,,WF,LNR,20180213,20180312,N,,,,,,,0,WFCM16C34,,,,,
WFCM16C34,,300571515,67,20180316,1285392.47,1282582.49,20180306,,0.0498,20260406,0.000178,,,,,0.000005,0.049617,,,,,4978.75,2809.98,7788.73,,0,,,,,,0,,0,1282582.49,0,0,0,0,N,,,,,,,,,,,408711,184903,223808,93465,2.3945,0.75,20171231,345689,217509,128180,93465,1.3714,0.89,20161231,,,,,,,,,20151119,2100000,,,,,,,,,20160524,20160524,1,,,,CREFC,,218728,2.3402,123100,1.317,,,N,,,,,0,9767.51,,0,0,0,,N,,1335000,S2,,,,,,,,,,,0,,,,0,,,,,WF,LNR,20180213,20180312,N,,,,,,,0,WFCM16C34,,,,,
WFCM16C34,,410932055,68,20180316,1218327.76,1215734.12,20180311,,0.0531,20260311,0.000178,,,,,0.000005,0.052917,,,,,5031.69,2593.64,7625.33,,0,,,,,,0,,0,1215734.12,0,0,0,0,N,,,,,,,,,,,254953,106084,148869,91504,1.6269,0.96,20161231,,,,,,,,192260,75723,116537,68628,1.698,0.95,20170101,20170930,20160120,1890000,,,,,,,YN,,20160524,20160524,1,,,,CREFC,,145390,1.5888,,,113928,1.66,N,,,,,0,6960,,0,0,0,,N,,1265000,N,,,,,,,,,,,0,,,,0,,,,,WF,LNR,20180213,20180312,N,,,,,,,0,WFCM16C34,,,,,
